-4.810135960578918457e-01 1.331874132156372070e-01 1.407220363616943359e-01 3.482373431324958801e-02 1.567540168762207031e-01 -1.227964274585247040e-02
-7.236572913825511932e-03 4.148620739579200745e-02 -6.205148622393608093e-02 1.266583055257797241e-01 4.385822117328643799e-01 2.499380111694335938e-01
-3.475491404533386230e-01 2.601543627679347992e-02 2.264659106731414795e-01 -1.585433930158615112e-01 2.729128114879131317e-02 -1.367819011211395264e-01
-8.534814231097698212e-03 -6.632933858782052994e-03 2.267673239111900330e-02 3.248594999313354492e-01 1.377117484807968140e-01 2.240099571645259857e-02
-2.078887373208999634e-01 2.643307745456695557e-01 2.216824889183044434e-01 4.811637848615646362e-02 1.384975314140319824e-01 3.434631600975990295e-02
1.826286017894744873e-01 -1.910523027181625366e-01 2.447431385517120361e-01 9.211258292198181152e-01 1.967652142047882080e-01 -1.221034601330757141e-01
-2.114593386650085449e-01 1.210406944155693054e-01 -1.674859523773193359e-01 -2.182220816612243652e-01 -2.966504730284214020e-02 -2.243416160345077515e-01
-3.510920107364654541e-01 3.334053456783294678e-01 4.596980512142181396e-01 1.199636515229940414e-02 -1.714675426483154297e-01 -3.736820518970489502e-01
3.382912576198577881e-01 -4.023739993572235107e-01 -2.136197686195373535e-01 -1.063913013786077499e-02 -5.274637416005134583e-02 2.462198883295059204e-01
2.331469357013702393e-01 -9.686594456434249878e-02 1.232347607612609863e+00 -4.140394926071166992e-01 1.607715040445327759e-01 -1.564435809850692749e-01
-4.926009178161621094e-01 4.988240301609039307e-01 6.961827725172042847e-02 -2.854968011379241943e-01 2.569214105606079102e-01 -1.219942495226860046e-01
1.327551603317260742e-01 -1.099273115396499634e-01 7.645556330680847168e-02 3.311074972152709961e-01 1.541342735290527344e-01 1.471901983022689819e-01
-1.535463631153106689e-01 9.525160491466522217e-02 -3.030771575868129730e-02 -3.078438639640808105e-01 -1.272942572832107544e-01 -9.878423810005187988e-02
-7.915932685136795044e-02 3.824993371963500977e-01 -1.519771963357925415e-01 -6.700562238693237305e-01 1.626941859722137451e-01 1.580820232629776001e-01
-1.590721309185028076e-01 1.148829907178878784e-01 1.058375313878059387e-01 -5.811483040452003479e-02 -2.067444100975990295e-02 -1.468114554882049561e-01
-7.084946632385253906e-01 -6.655322313308715820e-01 1.944184899330139160e-01 5.125024169683456421e-02 -1.831067800521850586e-01 3.684540838003158569e-02
4.314877390861511230e-01 -3.933517634868621826e-01 7.484893500804901123e-02 -1.442634612321853638e-01 2.714601755142211914e-01 9.130043983459472656e-01
2.136308997869491577e-01 -1.610137075185775757e-01 -8.403316140174865723e-02 1.359270066022872925e-01 2.830509655177593231e-02 1.508636325597763062e-01
5.205924510955810547e-01 5.023201107978820801e-01 -8.035834431648254395e-01 7.525243759155273438e-01 9.572774171829223633e-02 -1.714900135993957520e-02
-4.230248332023620605e-01 3.388739228248596191e-01 -3.207748532295227051e-01 -1.937224715948104858e-01 -4.910636544227600098e-01 -9.543876647949218750e-01
-1.544774416834115982e-02 -5.117170978337526321e-03 -2.614031918346881866e-02 1.795175820589065552e-01 1.909536421298980713e-01 6.097165495157241821e-02
2.461764216423034668e-01 -1.899130791425704956e-01 -8.032830804586410522e-02 5.609139800071716309e-02 -2.336020022630691528e-02 1.331734508275985718e-01
1.007999032735824585e-01 -1.923403888940811157e-02 -1.588607579469680786e-02 1.428496837615966797e-01 5.181857943534851074e-01 3.942781984806060791e-01
8.652355521917343140e-02 -1.452969759702682495e-01 8.923543989658355713e-02 2.841578423976898193e-01 -7.963369786739349365e-02 -9.463124722242355347e-02
-1.306225955486297607e-01 -7.074647545814514160e-01 1.049820929765701294e-01 -1.780762821435928345e-01 -2.274913489818572998e-01 2.406252771615982056e-01
1.096319332718849182e-01 -1.021684780716896057e-01 2.503422554582357407e-03 9.928362444043159485e-03 1.592033505439758301e-01 2.202418893575668335e-01
1.067780852317810059e+00 -1.082211017608642578e+00 2.165615260601043701e-01 1.053747162222862244e-01 3.856016090139746666e-03 1.099885582923889160e+00
1.492014527320861816e-01 -9.021666646003723145e-02 8.164299279451370239e-02 -1.903879791498184204e-01 1.739369630813598633e-01 5.132093429565429688e-01
-2.943697571754455566e-01 1.811854988336563110e-01 1.081581134349107742e-02 -6.624060124158859253e-02 2.200583517551422119e-01 -3.084556385874748230e-02
-7.995598018169403076e-02 1.172494813799858093e-01 1.503033041954040527e-01 -4.957870021462440491e-02 -2.070464938879013062e-01 -1.624623984098434448e-01
4.233230054378509521e-01 -5.098102092742919922e-01 -5.602338910102844238e-02 -1.864258050918579102e-01 -9.167855978012084961e-01 -3.670142590999603271e-01
2.223185449838638306e-01 6.354292631149291992e-01 3.776113986968994141e-01 -6.582724303007125854e-02 -2.695004045963287354e-01 -4.118049740791320801e-01
2.831947989761829376e-02 4.526849836111068726e-02 4.616090655326843262e-02 -1.435750573873519897e-01 -3.514023125171661377e-01 -2.590708136558532715e-01
-2.979560196399688721e-01 3.114250004291534424e-01 1.040156841278076172e+00 9.626541286706924438e-02 -4.337896108627319336e-01 -2.898561060428619385e-01
1.764801740646362305e-01 -1.444323360919952393e-01 -2.539109252393245697e-02 -3.404028117656707764e-01 -1.548145525157451630e-02 3.366912603378295898e-01
-4.522458910942077637e-01 2.969748973846435547e-01 7.999402284622192383e-02 -3.884493708610534668e-01 -3.053774833679199219e-01 -3.602411150932312012e-01
8.485462516546249390e-02 -2.122155576944351196e-02 1.618870943784713745e-01 -3.545534610748291016e-01 -2.375841587781906128e-01 -3.214830160140991211e-02
1.841352730989456177e-01 -8.919927477836608887e-02 5.710520595312118530e-02 2.653920948505401611e-01 3.919145837426185608e-02 9.064749628305435181e-02
9.658087044954299927e-02 -8.508615940809249878e-02 4.953484982252120972e-02 -4.666547849774360657e-02 1.416088193655014038e-01 2.381891757249832153e-01
5.158803425729274750e-03 -1.197962556034326553e-02 3.082545287907123566e-02 3.747438192367553711e-01 5.780111998319625854e-02 -6.715214997529983521e-02
-4.047898054122924805e-01 3.833412230014801025e-01 -1.401120722293853760e-01 7.025195658206939697e-02 1.010413885116577148e+00 2.933622896671295166e-01
-1.493967324495315552e-01 1.055985763669013977e-01 -3.164294064044952393e-01 1.378342974931001663e-02 4.916023015975952148e-01 6.520727276802062988e-02
2.250192910432815552e-01 -1.743318140506744385e-01 -6.381194293498992920e-02 3.003407120704650879e-01 -8.486086130142211914e-02 -6.693919003009796143e-02
1.838995218276977539e-01 -3.841464817523956299e-01 -1.846308857202529907e-01 -9.919596835970878601e-03 2.020261716097593307e-03 1.033515781164169312e-01
-1.763381659984588623e-01 1.401504874229431152e-01 2.692916393280029297e-01 1.258366703987121582e-01 -2.636617049574851990e-02 -9.578364342451095581e-02
-2.259477078914642334e-01 -2.544390261173248291e-01 2.957886755466461182e-01 4.787671193480491638e-02 -5.507869124412536621e-01 -4.456780850887298584e-01
-9.071359038352966309e-02 9.740938991308212280e-02 -2.115403413772583008e-01 4.064762964844703674e-02 4.518743604421615601e-02 -2.177487611770629883e-01
1.442089527845382690e-01 -2.046062499284744263e-01 -2.739967107772827148e-01 -4.166620224714279175e-02 -5.203613545745611191e-03 6.908794492483139038e-02
2.060746401548385620e-01 -1.413051337003707886e-01 -4.775377735495567322e-02 1.056335791945457458e-01 1.685635745525360107e-01 2.327342033386230469e-01
4.026234149932861328e-02 -3.401430323719978333e-02 -2.705515325069427490e-01 4.401902551762759686e-04 1.537180840969085693e-01 8.956491202116012573e-02
-3.298897445201873779e-01 1.825426220893859863e-01 -5.165520906448364258e-01 -1.409089565277099609e+00 -2.207447588443756104e-01 1.253762096166610718e-01
3.558804988861083984e-01 -3.709686994552612305e-01 -1.032036263495683670e-02 1.536502540111541748e-01 -1.329238861799240112e-01 1.353452652692794800e-01
2.092693001031875610e-01 -1.971662640571594238e-01 -2.370808869600296021e-01 -4.179161041975021362e-02 -5.873238295316696167e-02 1.996946148574352264e-02
2.128950059413909912e-01 -2.003041952848434448e-01 8.136364631354808807e-03 7.306239008903503418e-02 2.012922316789627075e-01 4.152430295944213867e-01
-3.183547407388687134e-02 1.319475099444389343e-02 2.318558096885681152e-01 1.246218197047710419e-02 1.718556880950927734e-01 2.573976516723632812e-01
-2.734532654285430908e-01 1.943278163671493530e-01 -1.102236509323120117e-01 5.186599120497703552e-02 2.814106345176696777e-01 -1.569014042615890503e-01
8.811046481132507324e-01 5.318998694419860840e-01 -2.442746907472610474e-01 -5.013507604598999023e-01 -9.104599356651306152e-01 4.145627021789550781e-01
-1.372011601924896240e-01 8.624692261219024658e-02 1.065284982323646545e-01 2.706320583820343018e-02 2.878581359982490540e-02 -1.394464373588562012e-01
-1.653952300548553467e-01 2.223403304815292358e-01 4.513742402195930481e-02 -8.769829571247100830e-02 9.938167780637741089e-02 -2.806992642581462860e-02
-1.335518062114715576e-01 3.347538411617279053e-02 5.604624152183532715e-01 5.114254727959632874e-02 -1.070553362369537354e-01 1.089360639452934265e-01
7.829025387763977051e-01 -1.318353712558746338e-01 -9.606960229575634003e-03 -1.496213674545288086e-01 -5.491602420806884766e-02 3.467913568019866943e-01
-1.170492529869079590e+00 -3.355041027069091797e+00 -2.216583043336868286e-01 2.876908779144287109e-01 4.612053036689758301e-01 1.650791525840759277e+00
-2.525778412818908691e-01 2.193022072315216064e-01 3.901538252830505371e-02 5.165364593267440796e-02 4.312402606010437012e-01 1.500737369060516357e-01
5.038977833464741707e-04 -2.328776754438877106e-03 9.435185790061950684e-02 1.615639030933380127e-01 -3.043415844440460205e-01 -3.283396065235137939e-01
6.152682304382324219e-01 -5.853103399276733398e-01 2.160205505788326263e-02 1.081120893359184265e-01 -2.241115123033523560e-01 3.461343944072723389e-01
1.171413660049438477e-01 -1.329834610223770142e-01 7.209891825914382935e-02 4.020135104656219482e-01 5.334268510341644287e-02 1.547568384557962418e-02
-3.900244534015655518e-01 4.259084165096282959e-01 -4.869026318192481995e-02 -7.598843574523925781e-01 1.855738013982772827e-01 2.372597903013229370e-01
7.871536910533905029e-02 -6.614801939576864243e-03 -4.887478053569793701e-01 -6.808809936046600342e-02 8.912324160337448120e-02 -1.409045010805130005e-01
1.122571006417274475e-01 -1.477340310811996460e-01 2.601636946201324463e-02 -1.935639381408691406e-01 3.910333290696144104e-02 2.617077529430389404e-01
-3.893353790044784546e-02 5.574016571044921875e-01 -4.142408668994903564e-01 2.512365579605102539e-01 6.876014471054077148e-01 5.002874415367841721e-03
1.323859989643096924e-01 3.391589596867561340e-02 -5.198826193809509277e-01 -1.207937374711036682e-01 -8.990932255983352661e-02 -1.543063670396804810e-01
4.637867584824562073e-02 7.510004937648773193e-02 -5.298146009445190430e-01 -1.234324797987937927e-01 9.025776386260986328e-02 -2.428062409162521362e-01
2.806192636489868164e-01 -2.004368603229522705e-01 -3.943341597914695740e-02 8.044996112585067749e-02 -4.623516276478767395e-02 2.355951070785522461e-01
6.289790570735931396e-02 -4.409395530819892883e-02 -2.518174946308135986e-01 3.730687871575355530e-02 -5.696684122085571289e-02 -1.903138309717178345e-01
-4.042406380176544189e-01 4.108405113220214844e-01 -2.918128666351549327e-05 -9.532179683446884155e-03 1.853952109813690186e-01 -1.355650275945663452e-01
5.926029682159423828e-01 -2.205395400524139404e-01 -2.945089936256408691e-01 4.189021885395050049e-01 -1.004634052515029907e-01 9.460504353046417236e-02
1.477262377738952637e-01 -1.594815999269485474e-01 -8.419823646545410156e-02 -5.843719094991683960e-02 1.533038541674613953e-02 1.552907973527908325e-01
-9.526453912258148193e-02 1.005352139472961426e-01 3.058526515960693359e-01 9.494638442993164062e-02 -1.226335987448692322e-01 -1.298125535249710083e-01
-1.701981723308563232e-01 1.485149413347244263e-01 -2.698256261646747589e-02 1.517442911863327026e-01 -3.795268759131431580e-02 -3.069336712360382080e-01
7.506112009286880493e-02 -6.168063730001449585e-02 1.218994893133640289e-02 3.418466746807098389e-01 9.960278123617172241e-02 -4.952677991241216660e-03
8.939216136932373047e-01 -1.037167906761169434e+00 -8.778820186853408813e-02 1.735677719116210938e-01 -1.055500626564025879e+00 -1.115140765905380249e-01
2.326026707887649536e-01 -2.798621654510498047e-01 -1.031136065721511841e-01 1.560596376657485962e-01 9.323564171791076660e-02 1.752483099699020386e-01
8.531325310468673706e-02 -3.187632560729980469e-02 -6.835664063692092896e-02 -2.951483428478240967e-01 -1.203147545456886292e-01 -7.048951089382171631e-02
1.851154565811157227e-01 -1.983916163444519043e-01 3.302110731601715088e-02 1.064772531390190125e-01 1.385309249162673950e-01 2.211771905422210693e-01
2.826285064220428467e-01 -2.715136706829071045e-01 7.199395447969436646e-02 -7.001818157732486725e-03 -9.986571967601776123e-02 3.544843494892120361e-01
2.057423740625381470e-01 -1.876980215311050415e-01 -1.301861405372619629e-01 2.785965614020824432e-02 -4.938672110438346863e-02 1.010178849101066589e-01
-5.696053504943847656e-01 4.151196777820587158e-01 1.080994725227355957e+00 1.117191091179847717e-01 4.573340713977813721e-02 1.310177147388458252e-02
1.830505877733230591e-01 -1.700979769229888916e-01 -2.321202009916305542e-01 -6.326078623533248901e-02 -1.586321443319320679e-01 -1.525362394750118256e-02
-3.929147720336914062e-01 6.004693508148193359e-01 5.026283115148544312e-02 3.273244202136993408e-02 1.267725110054016113e+00 6.474186778068542480e-01
5.700716003775596619e-02 -1.135866641998291016e-01 -5.617331713438034058e-03 -1.831482350826263428e-01 9.761607646942138672e-02 2.836684584617614746e-01
2.961806058883666992e-01 -2.139151692390441895e-01 1.022082790732383728e-01 8.090478181838989258e-02 1.113086715340614319e-01 3.324380218982696533e-01
1.570274829864501953e-01 -1.766789555549621582e-01 6.942676007747650146e-02 2.731178104877471924e-01 -2.048282772302627563e-01 -1.673884689807891846e-01
-1.309916228055953979e-01 1.746519953012466431e-01 3.671995997428894043e-01 8.376652002334594727e-02 -2.924831397831439972e-02 -2.481328696012496948e-02
-1.282875835895538330e-01 1.299830973148345947e-01 -2.891736570745706558e-03 -1.327317506074905396e-01 1.328755766153335571e-01 6.776034832000732422e-02
-2.008424885571002960e-02 1.509588863700628281e-02 -3.205594420433044434e-01 -1.236205324530601501e-01 2.042245306074619293e-02 -1.583757251501083374e-01
6.364022195339202881e-02 -7.254792749881744385e-02 -2.715788185596466064e-01 -1.850024238228797913e-02 1.429792866110801697e-02 -5.847017839550971985e-02
1.835798025131225586e-01 -2.309117764234542847e-01 -3.732546418905258179e-02 -1.557626426219940186e-01 -3.807268142700195312e-01 -4.201439768075942993e-02
1.365341246128082275e-01 -1.042928695678710938e-01 8.416280895471572876e-02 1.857232749462127686e-01 2.101238816976547241e-01 3.013296425342559814e-01
1.039615422487258911e-01 -1.081603020429611206e-01 1.108208745718002319e-01 1.173431333154439926e-02 -2.730185687541961670e-01 -7.938539236783981323e-02
2.161142081022262573e-01 -1.655767560005187988e-01 2.127156592905521393e-02 4.600817337632179260e-02 -7.519098371267318726e-02 1.230165809392929077e-01
-1.163973510265350342e-01 5.957711115479469299e-02 -5.447872448712587357e-03 -1.535556316375732422e-01 1.151219680905342102e-01 7.823427021503448486e-02
1.231514960527420044e-01 -1.537476480007171631e-01 6.359635293483734131e-02 1.652941554784774780e-01 -1.334111541509628296e-01 -4.694132134318351746e-02
1.552179008722305298e-01 -8.591743558645248413e-02 -5.202497839927673340e-01 -3.177301958203315735e-02 1.495251506567001343e-01 -8.122276514768600464e-03
-2.343954890966415405e-01 2.047315090894699097e-01 1.114028468728065491e-01 -9.863608330488204956e-02 -7.396748661994934082e-02 -1.855376362800598145e-01
1.114100962877273560e-01 -1.732012778520584106e-01 7.560845464468002319e-02 -4.631958156824111938e-02 1.198358014225959778e-01 3.963213562965393066e-01
1.496601104736328125e-01 1.149650141596794128e-01 -3.798990547657012939e-01 1.051396355032920837e-01 6.870723962783813477e-01 9.587734937667846680e-02
3.079448267817497253e-02 -9.545238316059112549e-02 1.017945408821105957e-01 3.242147564888000488e-01 1.889738142490386963e-01 1.770210266113281250e-01
1.123907417058944702e-01 -1.162655204534530640e-01 2.118954807519912720e-02 1.101052854210138321e-02 -3.000619411468505859e-01 -1.019808351993560791e-01
6.920889765024185181e-02 -1.849122196435928345e-01 -2.048773318529129028e-01 -1.316152513027191162e-01 -2.756055891513824463e-01 -1.253215223550796509e-01
2.550900876522064209e-01 -2.166295945644378662e-01 7.442516088485717773e-02 2.683755457401275635e-01 -2.542937099933624268e-01 -1.141970902681350708e-01
-1.328573971986770630e-01 5.298921093344688416e-02 1.491730101406574249e-02 -3.381464481353759766e-01 -1.032368000596761703e-02 7.505217194557189941e-02
6.415200978517532349e-02 -9.843174368143081665e-02 3.096197247505187988e-01 2.873355336487293243e-02 5.314470827579498291e-02 3.571368455886840820e-01
-1.474225670099258423e-01 1.615232527256011963e-01 -4.440578632056713104e-04 3.388915956020355225e-02 3.774278759956359863e-01 2.159744501113891602e-01
2.375684827566146851e-01 -2.680793404579162598e-01 -4.879010319709777832e-01 2.252687215805053711e-01 -1.684383675456047058e-02 5.815458297729492188e-02
1.412695199251174927e-01 -1.306918412446975708e-01 2.082044333219528198e-01 5.700604617595672607e-02 6.442762911319732666e-02 2.926292121410369873e-01
-2.765323519706726074e-01 3.878382444381713867e-01 8.133517950773239136e-02 3.155273199081420898e-02 -2.894279547035694122e-02 -3.477770090103149414e-01
-7.714474201202392578e-02 4.936017468571662903e-02 -4.836924001574516296e-02 -2.131469547748565674e-01 -6.022943928837776184e-02 -1.511573442257940769e-03
4.353665933012962341e-02 -1.850723661482334137e-02 -1.271681040525436401e-01 -3.671901300549507141e-03 -1.986795514822006226e-01 -2.449013888835906982e-01
8.706633001565933228e-02 -8.243592083454132080e-02 8.572725951671600342e-02 3.224060237407684326e-01 1.360799521207809448e-01 1.018466334789991379e-02
1.736280508339405060e-02 1.702274940907955170e-02 -3.537320494651794434e-01 -1.332892179489135742e-01 2.217850536108016968e-01 7.748536020517349243e-02
-1.893659234046936035e-01 1.247218847274780273e+00 1.674639992415904999e-02 -5.004382506012916565e-02 6.890747547149658203e-01 -6.499986350536346436e-02
-3.140924870967864990e-01 1.975136697292327881e-01 2.735034376382827759e-02 1.962307654321193695e-02 -1.522278040647506714e-01 -3.931175172328948975e-01
1.209168061614036560e-01 -1.323506236076354980e-01 4.142499715089797974e-02 1.983098536729812622e-01 -9.187902510166168213e-02 -6.203767657279968262e-02
2.474942207336425781e-01 -2.070583999156951904e-01 -1.887990236282348633e-01 -2.548274211585521698e-02 -1.883731186389923096e-01 -6.627761572599411011e-02
-1.661823391914367676e-01 1.872229874134063721e-01 -1.548892259597778320e-01 5.287921428680419922e-02 3.100491464138031006e-01 -2.976361662149429321e-02
-5.735984444618225098e-01 1.028519392013549805e+00 1.011679135262966156e-02 -5.988139510154724121e-01 5.829874873161315918e-01 6.780160218477249146e-02
-1.139982119202613831e-01 2.683015763759613037e-01 -5.151754245162010193e-02 -6.556092500686645508e-01 1.485079228878021240e-01 2.171030342578887939e-01
6.613534688949584961e-02 -1.442963778972625732e-01 2.200382389128208160e-02 1.885304749011993408e-01 9.121271967887878418e-02 1.207635030150413513e-01
-4.823745191097259521e-01 4.585523903369903564e-01 2.203326672315597534e-01 -1.440767198801040649e-01 2.627249956130981445e-01 -6.605294346809387207e-02
-1.538900434970855713e-01 1.425476372241973877e-01 3.382651880383491516e-02 3.733170777559280396e-02 5.377282574772834778e-02 -1.396249085664749146e-01
8.943358063697814941e-02 -1.352062970399856567e-01 -5.858885049819946289e-01 -5.786441639065742493e-02 1.582253277301788330e-01 1.551035605370998383e-02
-1.307838708162307739e-01 1.651175469160079956e-01 -6.099370867013931274e-02 -1.752531677484512329e-01 -2.228361815214157104e-01 -2.514255940914154053e-01
-3.512291014194488525e-01 1.730787158012390137e-01 -3.489253669977188110e-02 -3.293317928910255432e-02 -5.393975973129272461e-02 -2.954118549823760986e-01
1.319933980703353882e-01 -1.558087617158889771e-01 2.216303907334804535e-02 -4.392647184431552887e-03 -3.303360342979431152e-01 -1.996138840913772583e-01
-1.722676306962966919e-01 1.636918932199478149e-01 2.130746096372604370e-01 8.611721917986869812e-03 2.444019764661788940e-01 1.363779902458190918e-01
-1.703768968582153320e-01 1.832938045263290405e-01 -8.250997960567474365e-02 1.259797532111406326e-02 -1.416402906179428101e-01 -4.035937190055847168e-01
1.191746592521667480e+00 -1.234473466873168945e+00 -1.131379976868629456e-01 4.503444209694862366e-02 -1.696418523788452148e+00 -3.669247627258300781e-01
4.630322381854057312e-02 -7.126510888338088989e-02 -1.450960785150527954e-01 4.412758350372314453e-02 1.598909348249435425e-01 1.619272381067276001e-01
-7.695759087800979614e-02 7.770799100399017334e-02 3.297044038772583008e-01 4.056131467223167419e-02 1.711005568504333496e-01 2.198241055011749268e-01
2.415062300860881805e-02 1.937270909547805786e-01 1.009659022092819214e-01 -1.770777069032192230e-02 3.370808660984039307e-01 5.287014842033386230e-01
-2.391722798347473145e-01 2.245877832174301147e-01 1.559489872306585312e-03 3.163668140769004822e-02 4.369332790374755859e-01 1.282778829336166382e-01
2.007490992546081543e-01 -3.491631746292114258e-01 4.406014829874038696e-02 1.812061518430709839e-01 -3.090686500072479248e-01 -9.840673208236694336e-02
7.251044511795043945e-01 -4.845010638236999512e-01 -1.502940524369478226e-02 2.771418690681457520e-01 2.061122953891754150e-01 8.659522533416748047e-01
1.751357316970825195e-02 2.605507969856262207e-01 2.736385464668273926e-01 1.322266012430191040e-01 -3.683611750602722168e-01 -5.061373710632324219e-01
2.118984609842300415e-01 -2.115281820297241211e-01 -3.442296385765075684e-01 -3.375125117599964142e-03 9.321914613246917725e-02 1.573090702295303345e-01
-8.580552786588668823e-02 1.894341707229614258e-01 -1.281042844057083130e-01 1.943844407796859741e-01 6.536448597908020020e-01 3.291611969470977783e-01
-1.998755186796188354e-01 1.799977421760559082e-01 1.008192524313926697e-01 -1.175096374936401844e-03 -1.717016547918319702e-01 -3.969483375549316406e-01
-1.963599771261215210e-02 3.360046306625008583e-03 4.137071594595909119e-02 5.019854754209518433e-02 -1.722846627235412598e-01 -1.774418801069259644e-01
5.930623412132263184e-01 -5.910419225692749023e-01 -2.309629768133163452e-01 2.660332024097442627e-01 -1.477850079536437988e-01 2.277750521898269653e-01
1.044478192925453186e-01 -1.204057931900024414e-01 -3.068816848099231720e-03 2.151261717081069946e-01 1.124414950609207153e-01 1.204551830887794495e-01
-1.123688369989395142e-01 2.146284431219100952e-01 -1.579503566026687622e-01 4.833172559738159180e-01 2.339708954095840454e-01 -1.752941161394119263e-01
2.248105853796005249e-01 -1.579771637916564941e-01 -2.214524522423744202e-02 1.163427755236625671e-01 -2.489578574895858765e-01 -2.460074126720428467e-01
-5.489806085824966431e-02 9.149748831987380981e-02 2.890884503722190857e-02 1.005029380321502686e-01 -1.322362720966339111e-01 -3.049448132514953613e-01
4.091207385063171387e-01 -5.872098803520202637e-01 -1.195317506790161133e-02 1.060761138796806335e-01 -1.889894157648086548e-01 6.679602265357971191e-01
-2.316856756806373596e-02 1.527744345366954803e-02 4.345246553421020508e-01 5.584963038563728333e-02 -3.321352973580360413e-02 1.637193858623504639e-01
1.090031981468200684e+00 -9.078337550163269043e-01 -1.914119422435760498e-01 1.038976162672042847e-01 -9.975544810295104980e-01 -1.693880558013916016e-01
4.886814653873443604e-01 -4.909289181232452393e-01 -1.157653778791427612e-01 2.758531868457794189e-01 -9.317731857299804688e-02 1.923426538705825806e-01
-1.251311507076025009e-02 1.322001218795776367e-02 3.490853309631347656e-02 1.766953915357589722e-01 -2.205194383859634399e-01 -3.306964635848999023e-01
-1.689349710941314697e-01 2.269864678382873535e-01 -1.038167551159858704e-01 2.347336150705814362e-02 5.253188610076904297e-01 1.489545404911041260e-01
-3.323236852884292603e-02 2.506497874855995178e-02 1.335427880287170410e+00 1.124167442321777344e+00 -1.761996597051620483e-01 1.368849873542785645e-01
2.047756463289260864e-01 -1.989752203226089478e-01 1.077594757080078125e-01 6.956719756126403809e-01 6.069788709282875061e-02 -1.928884238004684448e-01
-1.119383201003074646e-01 -5.953940153121948242e-01 -4.213161468505859375e-01 2.481626532971858978e-02 3.452150523662567139e-01 3.214612305164337158e-01
4.883032664656639099e-02 -1.808688789606094360e-01 9.334807097911834717e-02 3.830421864986419678e-01 3.176253288984298706e-02 3.882334381341934204e-02
-1.062192842364311218e-01 5.593340843915939331e-02 -4.075488541275262833e-03 -3.723396062850952148e-01 -1.574825495481491089e-01 -4.930942133069038391e-02
6.245522201061248779e-02 -1.280869245529174805e-01 -2.392099797725677490e-02 -3.631958663463592529e-01 -2.681352794170379639e-01 4.003707319498062134e-02
1.743881404399871826e-01 -1.307293325662612915e-01 -1.465207524597644806e-02 1.570958048105239868e-01 -1.373517364263534546e-01 -5.798204243183135986e-02
-1.954716593027114868e-01 2.742041647434234619e-01 -5.699462071061134338e-02 1.332705374807119370e-02 9.161755442619323730e-03 -3.430362045764923096e-01
-1.562513411045074463e-01 1.557527482509613037e-01 1.168988496065139771e-01 -1.128672622144222260e-02 4.838108271360397339e-02 -4.581005498766899109e-02
1.450835075229406357e-02 -5.094780772924423218e-02 -1.741474121809005737e-01 -1.652318388223648071e-01 1.331512480974197388e-01 2.772130072116851807e-01
-4.236263036727905273e-01 3.570978343486785889e-01 2.714596092700958252e-01 1.026721745729446411e-01 -1.180925890803337097e-01 -5.144192576408386230e-01
5.815684795379638672e-02 -5.029641464352607727e-02 8.601947128772735596e-02 2.245632000267505646e-02 -3.560489416122436523e-01 -2.658546268939971924e-01
-6.194819808006286621e-01 -4.719064831733703613e-01 -4.027139544486999512e-01 -2.953380346298217773e-01 -1.473378837108612061e-01 -6.626315116882324219e-01
-2.558858878910541534e-02 8.335015736520290375e-03 1.937583237886428833e-01 -5.585668236017227173e-02 8.116185069084167480e-01 8.439677953720092773e-01
1.065611690282821655e-01 5.261223763227462769e-02 -1.852521002292633057e-01 -2.624123692512512207e-01 -5.133679509162902832e-02 -2.955386228859424591e-02
-2.332449406385421753e-01 -4.984682425856590271e-02 -5.686655640602111816e-01 5.214115232229232788e-02 1.595626771450042725e-02 -3.671456128358840942e-02
1.019905433058738708e-01 -1.998133957386016846e-01 -1.104105338454246521e-01 3.060485720634460449e-01 7.130907848477363586e-03 -4.119146615266799927e-02
1.949345171451568604e-01 -2.718047499656677246e-01 1.527190655469894409e-01 1.333684027194976807e-01 -2.220741659402847290e-01 2.045353315770626068e-02
-1.761913746595382690e-01 1.508665233850479126e-01 2.660670876502990723e-01 -5.203306302428245544e-02 -1.674667000770568848e-01 -1.567717194557189941e-01
8.076847195625305176e-01 9.089745879173278809e-01 -4.788162708282470703e-01 5.339506864547729492e-01 -3.837485313415527344e-01 -1.143324136734008789e+00
2.020849734544754028e-01 -1.777322739362716675e-01 6.556334346532821655e-02 -4.170577973127365112e-02 -2.515377700328826904e-01 -4.267213493585586548e-02
-2.073506414890289307e-01 2.406968921422958374e-01 4.456712603569030762e-01 3.490092232823371887e-02 7.523524761199951172e-02 1.126076057553291321e-01
-2.994586229324340820e-01 -4.677926748991012573e-02 -2.551676332950592041e-01 -2.215854972600936890e-01 8.834492415189743042e-02 -2.981824427843093872e-02
-2.263997793197631836e-01 1.731948405504226685e-01 -2.632685750722885132e-02 -2.792463824152946472e-02 -4.828937724232673645e-02 -2.834097445011138916e-01
3.735524713993072510e-01 -4.718927741050720215e-01 1.456866711378097534e-01 -5.882764980196952820e-02 -4.300537109375000000e-01 1.204397007822990417e-01
2.833348698914051056e-02 -4.090183600783348083e-02 -3.569093346595764160e-01 -5.741397291421890259e-02 -1.735626906156539917e-02 -1.535616964101791382e-01
-4.656744375824928284e-02 7.624594122171401978e-02 7.168343290686607361e-04 -3.147535622119903564e-01 -4.766230583190917969e-01 -3.538653552532196045e-01
-2.888141572475433350e-01 5.009040832519531250e-01 -1.225003302097320557e-01 7.975794374942779541e-02 6.358569860458374023e-01 6.815522164106369019e-02
1.970010846853256226e-01 -6.611098349094390869e-02 8.412031829357147217e-02 4.535416960716247559e-01 9.782616980373859406e-03 -6.791086867451667786e-03
-1.480728238821029663e-01 1.192382797598838806e-01 5.884556844830513000e-02 5.931862071156501770e-02 -7.364486902952194214e-02 -2.253031283617019653e-01
6.827486157417297363e-01 -7.647613286972045898e-01 -3.351309299468994141e-01 -3.923701047897338867e-01 2.634896337985992432e-01 1.175724864006042480e+00
1.712777167558670044e-01 -6.242140009999275208e-02 1.011032015085220337e-01 -1.016740724444389343e-01 5.715791583061218262e-01 7.312404513359069824e-01
-3.227913975715637207e-01 1.657401025295257568e-01 2.640292346477508545e-01 -4.934737458825111389e-02 6.399520486593246460e-02 2.452489361166954041e-02
3.592472970485687256e-01 -2.985379099845886230e-01 1.856392808258533478e-02 -7.415293157100677490e-02 -4.079916775226593018e-01 -9.113650768995285034e-02
-3.170613348484039307e-01 4.326119124889373779e-01 -2.078058421611785889e-01 1.065214276313781738e-01 -3.380650281906127930e-01 -1.276956677436828613e+00
-2.013062387704849243e-01 1.855722814798355103e-01 1.145335733890533447e-01 3.935307264328002930e-02 -1.054986044764518738e-01 -2.814673781394958496e-01
1.070415526628494263e-01 -6.962784100323915482e-03 1.727154403924942017e-01 5.809538364410400391e-01 3.004050254821777344e-01 5.024978891015052795e-02
-5.146676898002624512e-01 3.370366394519805908e-01 1.554090380668640137e-01 -3.058005273342132568e-01 1.347485780715942383e-01 -2.141914665699005127e-01
-1.363426595926284790e-01 1.368957906961441040e-01 -2.148677110671997070e-01 -1.455346941947937012e-01 -5.098614096641540527e-01 -6.751226782798767090e-01
4.270254075527191162e-01 -2.614917457103729248e-01 1.205205246806144714e-01 1.403620690107345581e-01 -3.000625073909759521e-01 6.510747224092483521e-02
-1.497197896242141724e-01 1.744287312030792236e-01 -1.204967871308326721e-01 1.434477716684341431e-01 9.593240916728973389e-02 -2.536917924880981445e-01
6.319459527730941772e-03 -8.084675669670104980e-02 1.018539071083068848e-01 9.876406192779541016e-02 -2.671511471271514893e-01 -2.010502368211746216e-01
1.507883071899414062e-01 -2.601369023323059082e-01 1.103375628590583801e-01 5.107885226607322693e-02 -5.015150308609008789e-01 -1.801950484514236450e-01
-2.578129172325134277e-01 1.560909301042556763e-01 -3.117578476667404175e-02 -6.988987922668457031e-01 -1.408756710588932037e-02 1.374995056539773941e-02
-1.221619099378585815e-01 9.431962668895721436e-02 4.631544649600982666e-01 4.593541845679283142e-02 -6.720304489135742188e-02 7.502497732639312744e-02
-2.405256927013397217e-01 1.639631539583206177e-01 1.507828533649444580e-01 -1.243884265422821045e-01 1.367840170860290527e-01 1.469709426164627075e-01
1.649837791919708252e-01 -1.460569500923156738e-01 -1.821421980857849121e-01 6.232155486941337585e-02 1.240588203072547913e-01 1.025322601199150085e-01
-4.287951439619064331e-02 7.389935851097106934e-02 8.032618463039398193e-02 -1.418029963970184326e-01 -2.688841223716735840e-01 -1.830420792102813721e-01
-2.568766474723815918e-01 1.487557888031005859e-01 -3.550401702523231506e-02 -2.879363000392913818e-01 2.138696461915969849e-01 9.418787807226181030e-02
-5.150121636688709259e-03 7.634767889976501465e-02 -1.363469809293746948e-01 -5.455244779586791992e-01 -7.400068640708923340e-02 4.695987701416015625e-02
3.408080935478210449e-01 8.699348568916320801e-02 -2.310677766799926758e-01 2.817337214946746826e-01 -3.197426199913024902e-01 -6.924384832382202148e-01
2.672812044620513916e-01 -2.825967371463775635e-01 -4.267433658242225647e-02 1.185591295361518860e-01 7.862685322761535645e-01 9.998830556869506836e-01
-1.934064775705337524e-01 2.006664872169494629e-01 1.921372562646865845e-01 -2.364694885909557343e-02 1.444740127772092819e-02 -1.340516358613967896e-01
3.063780665397644043e-01 -2.918249368667602539e-01 -1.492329835891723633e-01 2.963903546333312988e-02 -1.827944219112396240e-01 6.872741132974624634e-02
-1.534700393676757812e-01 1.285008788108825684e-01 4.321831464767456055e-02 -6.864769756793975830e-02 -1.047796756029129028e-01 -2.004293799400329590e-01
1.779107451438903809e-01 -1.836794316768646240e-01 3.127277269959449768e-02 3.136776387691497803e-01 -6.242196261882781982e-02 2.159211412072181702e-02
-5.878543853759765625e-02 6.449188292026519775e-02 3.055351600050926208e-02 1.046550422906875610e-01 -2.034091949462890625e-01 -3.496307730674743652e-01
1.410873979330062866e-01 -1.753349900245666504e-01 -3.214729130268096924e-01 -1.063019335269927979e-01 -7.720769941806793213e-02 -3.854131698608398438e-02
-2.144086211919784546e-01 4.861916303634643555e-01 2.357812374830245972e-01 4.664507135748863220e-02 -7.357639074325561523e-02 -2.055734097957611084e-01
-6.396674513816833496e-01 3.403226733207702637e-01 -5.238125920295715332e-01 1.949165165424346924e-01 1.558388113975524902e+00 6.792836189270019531e-01
1.958728283643722534e-01 -2.010106891393661499e-01 5.084217712283134460e-02 4.797399044036865234e-02 1.415664851665496826e-01 3.725749254226684570e-01
-1.287039220333099365e-01 2.530938386917114258e-02 3.859671652317047119e-01 -9.503136575222015381e-02 -1.145823970437049866e-01 2.081290185451507568e-01
-1.724167466163635254e-01 9.820121526718139648e-02 1.794805750250816345e-02 9.234837256371974945e-03 -1.526364386081695557e-01 -2.873956859111785889e-01
1.874172836542129517e-01 -2.487726807594299316e-01 1.195732131600379944e-02 -1.709611155092716217e-02 -4.863103851675987244e-02 2.465012669563293457e-01
1.308503150939941406e-01 -1.333636641502380371e-01 5.233081802725791931e-02 9.282380342483520508e-03 1.725996136665344238e-01 3.099111616611480713e-01
3.010513782501220703e-01 -4.329541623592376709e-01 -1.437663137912750244e-01 1.722395792603492737e-02 1.968985646963119507e-01 5.319327116012573242e-01
2.937332689762115479e-01 -6.102797389030456543e-01 -5.362173318862915039e-01 1.546171586960554123e-02 -2.072150260210037231e-01 2.256116271018981934e-02
-2.862654626369476318e-01 2.031942605972290039e-01 -1.186174824833869934e-01 -1.492619365453720093e-01 -4.849442094564437866e-02 -4.307564198970794678e-01
3.717134296894073486e-01 -2.951109111309051514e-01 -9.790577739477157593e-02 2.599190771579742432e-01 -1.282678544521331787e-01 1.480388790369033813e-01
8.300933986902236938e-02 9.449779242277145386e-02 -1.875623911619186401e-01 -2.805178463459014893e-01 -3.130155801773071289e-01 -1.852585822343826294e-01
4.531904458999633789e-01 2.246660590171813965e-01 1.114806532859802246e+00 -5.320390686392784119e-03 1.641564518213272095e-01 -1.123216375708580017e-01
-1.422354131937026978e-01 2.640610635280609131e-01 -1.924571841955184937e-01 -1.958434097468852997e-02 -2.797765471041202545e-02 -3.004577159881591797e-01
1.152298599481582642e-01 -1.555887609720230103e-01 4.850400239229202271e-02 -1.805872283875942230e-02 -2.778738141059875488e-01 -3.971248120069503784e-02
-3.129907369613647461e+00 1.436281800270080566e+00 -1.655383855104446411e-01 3.173527121543884277e-01 -2.359264194965362549e-01 -2.876688718795776367e+00
1.260702013969421387e-01 -9.032164514064788818e-02 1.367567330598831177e-01 2.097653895616531372e-01 -2.489279061555862427e-01 -1.541874110698699951e-01
2.350137010216712952e-02 -7.317537069320678711e-02 -2.240821868181228638e-01 -1.389072090387344360e-01 -8.456978201866149902e-02 -4.590105265378952026e-03
-1.425139755010604858e-01 2.359094619750976562e-01 -1.389969140291213989e-01 -1.753721684217453003e-01 4.190431833267211914e-01 3.436314761638641357e-01
1.694865673780441284e-01 -2.635274231433868408e-01 -1.030521765351295471e-01 3.248963654041290283e-01 -9.086380153894424438e-02 -8.735091239213943481e-02
-1.753379553556442261e-01 1.780939549207687378e-01 -3.813861310482025146e-02 -2.272320687770843506e-01 -1.389213204383850098e-01 -2.520367801189422607e-01
-1.856891363859176636e-01 2.355479151010513306e-01 -3.121693804860115051e-02 -1.323538273572921753e-01 1.364499330520629883e-02 -8.802004158496856689e-02
-3.426431417465209961e-01 3.532604277133941650e-01 9.822660684585571289e-01 7.366079092025756836e-01 5.227027535438537598e-01 1.776666343212127686e-01
-4.317621886730194092e-02 4.679439961910247803e-02 -6.496798992156982422e-02 -8.900752663612365723e-02 2.464070171117782593e-01 1.875464916229248047e-01
-1.923606991767883301e-01 2.052379697561264038e-01 -1.134788803756237030e-02 -2.823040485382080078e-01 3.012560494244098663e-02 2.925551496446132660e-02
2.448577880859375000e-01 -4.933958500623703003e-02 2.786374092102050781e-01 -8.237764239311218262e-02 -6.212100386619567871e-01 -2.918760478496551514e-01
3.316044509410858154e-01 -2.324978411197662354e-01 -1.021718382835388184e-01 4.195695221424102783e-01 -1.957672983407974243e-01 -1.954053789377212524e-01
-2.098633766174316406e+00 -1.777409553527832031e+00 -8.025117963552474976e-02 -2.103321701288223267e-01 2.230494916439056396e-01 -9.451857209205627441e-02
1.104531735181808472e-01 -1.347977574914693832e-02 -2.406175620853900909e-02 1.964386254549026489e-01 -2.570168375968933105e-01 -2.218777984380722046e-01
8.535037189722061157e-02 -1.147339865565299988e-01 -2.769455127418041229e-02 2.719975113868713379e-01 9.368602931499481201e-02 4.797243326902389526e-02
1.829217433929443359e+00 1.309194803237915039e+00 -5.250496789813041687e-02 -4.864261485636234283e-03 7.362578064203262329e-02 5.894237756729125977e-02
2.851067185401916504e-01 -2.015406638383865356e-01 -7.871866971254348755e-02 -3.741936013102531433e-02 -6.637329459190368652e-01 -3.648126125335693359e-01
-4.592261314392089844e-01 1.907180696725845337e-01 2.466943264007568359e-01 -2.132687717676162720e-01 7.539247721433639526e-02 -5.156123265624046326e-02
-3.356886282563209534e-02 2.985862083733081818e-02 1.415476649999618530e-01 1.971158534288406372e-01 9.824940003454685211e-03 -4.619974270462989807e-02
1.263636797666549683e-01 -1.148640438914299011e-01 -2.014425396919250488e-01 -4.439065605401992798e-02 4.118006676435470581e-02 7.774523645639419556e-02
1.247068643569946289e-01 -1.124026328325271606e-01 -1.184402033686637878e-01 -1.009068638086318970e-02 8.284948766231536865e-02 1.333068013191223145e-01
-2.620675228536128998e-02 4.474811628460884094e-02 -1.612322777509689331e-01 -9.611786156892776489e-02 2.315136045217514038e-01 1.155047193169593811e-01
1.384720578789710999e-02 7.329196669161319733e-03 5.178374797105789185e-02 6.210665777325630188e-02 2.743249833583831787e-01 2.867203652858734131e-01
4.309220910072326660e-01 -5.342686176300048828e-01 -1.340772509574890137e-01 2.846543490886688232e-01 -1.758084446191787720e-01 1.331518143415451050e-01
-6.162757053971290588e-02 1.062725037336349487e-01 3.800470009446144104e-02 -2.924863696098327637e-01 -1.228340119123458862e-01 -3.305408405140042305e-03
6.823290139436721802e-02 -4.296866059303283691e-02 -3.059988617897033691e-01 -3.443413600325584412e-02 3.018953837454319000e-02 -6.787385046482086182e-02
-1.395101994276046753e-01 1.874225586652755737e-01 -4.024412948638200760e-03 -6.584797054529190063e-02 1.349829137325286865e-01 1.063083065673708916e-03
-6.453622132539749146e-02 7.070493698120117188e-02 -3.980647325515747070e-01 -4.970660433173179626e-02 7.039944082498550415e-02 -2.774978876113891602e-01
-5.909979939460754395e-01 4.065979719161987305e-01 -6.865805387496948242e-02 1.398935019969940186e-01 -2.970083057880401611e-01 -9.963973164558410645e-01
6.848278641700744629e-02 -7.430868595838546753e-02 1.066527701914310455e-02 2.434756159782409668e-01 2.189458310604095459e-01 1.251483708620071411e-01
1.311641782522201538e-01 -9.060573577880859375e-02 5.767835304141044617e-02 -1.629074662923812866e-02 1.967219412326812744e-01 3.291436731815338135e-01
-7.203027606010437012e-02 1.033893600106239319e-01 -1.007745638489723206e-01 1.261081546545028687e-01 -5.586409196257591248e-02 -3.038249015808105469e-01
-3.099007010459899902e-01 2.678837478160858154e-01 4.185971245169639587e-02 -1.986093223094940186e-01 5.210419744253158569e-02 -1.570441424846649170e-01
-4.188169538974761963e-02 -1.029386185109615326e-03 7.440494000911712646e-02 -1.071944683790206909e-01 2.044094204902648926e-01 2.881227433681488037e-01
-4.054691195487976074e-01 4.500965774059295654e-01 -2.200305461883544922e-01 -7.293583750724792480e-01 3.164536952972412109e-01 2.023218572139739990e-01
2.252425402402877808e-01 2.546251416206359863e-01 -4.861485213041305542e-02 1.964303702116012573e-01 2.003037184476852417e-02 -1.131749004125595093e-01
2.237729281187057495e-01 -2.052137106657028198e-01 -3.128597140312194824e-01 -7.643230259418487549e-02 -1.979861408472061157e-01 -9.480603784322738647e-02
-1.454982459545135498e-01 -7.951970212161540985e-03 3.096968531608581543e-01 1.166110262274742126e-01 5.733903869986534119e-02 6.502225250005722046e-02
-1.972945332527160645e-01 1.805228590965270996e-01 2.534468173980712891e-01 2.848250977694988251e-02 1.870698481798171997e-01 1.200279071927070618e-01
2.832849621772766113e-01 -2.037283480167388916e-01 -2.059687972068786621e-01 -1.828579008579254150e-01 -1.130960732698440552e-01 1.622077375650405884e-01
-1.453541368246078491e-01 1.642318069934844971e-01 7.487882673740386963e-02 -4.598285630345344543e-02 -1.051550135016441345e-01 -1.908851861953735352e-01
3.081381618976593018e-01 -3.139834105968475342e-01 -1.359128832817077637e+00 -1.428053379058837891e+00 -2.485100738704204559e-02 8.370710164308547974e-02
1.626223772764205933e-01 -3.585889041423797607e-01 1.097584441304206848e-01 4.992531239986419678e-01 -1.892400234937667847e-01 7.187525928020477295e-02
3.724227547645568848e-01 -1.854152977466583252e-01 7.563563436269760132e-02 1.775001883506774902e-01 1.129557415843009949e-01 4.887998402118682861e-01
8.382988721132278442e-02 -8.582106232643127441e-02 6.846129149198532104e-02 2.368593662977218628e-01 -8.521372824907302856e-02 -9.104978293180465698e-02
1.511479914188385010e-01 -2.134166657924652100e-01 -6.455066800117492676e-02 -2.336617261171340942e-01 7.611948251724243164e-02 3.918200731277465820e-01
-3.803651034832000732e-01 2.359421700239181519e-01 2.786002457141876221e-01 -2.058435231447219849e-01 7.756757736206054688e-02 -4.437423497438430786e-02
1.087826639413833618e-01 -1.224399730563163757e-01 -1.193220494315028191e-03 4.032515287399291992e-01 5.754831805825233459e-02 1.704465411603450775e-02
-1.889069681055843830e-03 1.826124340295791626e-01 5.875190496444702148e-01 3.267777711153030396e-02 -1.368710249662399292e-01 -6.411097943782806396e-02
-1.989289186894893646e-02 1.973083242774009705e-02 3.296831995248794556e-02 -1.776969805359840393e-02 -2.828072011470794678e-01 -2.213435769081115723e-01
-2.485425472259521484e-01 1.791397482156753540e-01 1.163453608751296997e-01 -7.167744915932416916e-03 2.676186263561248779e-01 9.630955755710601807e-02
2.467017918825149536e-01 -2.117678374052047729e-01 3.251393511891365051e-02 -6.804005801677703857e-02 -3.747077286243438721e-01 -4.040882736444473267e-02
-1.618114560842514038e-01 1.217313334345817566e-01 -1.866618394851684570e-01 1.027070358395576477e-01 -8.133959174156188965e-01 -1.033233642578125000e+00
3.529811799526214600e-01 -3.120058476924896240e-01 1.079898923635482788e-01 2.883142828941345215e-01 -4.893861711025238037e-01 -2.431941479444503784e-01
6.392152905464172363e-01 -7.809522151947021484e-01 1.333449035882949829e-01 -4.104848951101303101e-02 -1.070457220077514648e+00 -4.967691004276275635e-02
-1.257362365722656250e-01 3.316780626773834229e-01 1.500949263572692871e-01 2.872695773839950562e-02 -4.252601414918899536e-03 -2.277957051992416382e-01
1.251304149627685547e+00 6.093016266822814941e-02 2.214571461081504822e-02 -7.117774337530136108e-02 -6.388716697692871094e-01 1.502853631973266602e-01
-7.085738331079483032e-02 6.304930895566940308e-02 -4.491281509399414062e-02 -3.154441416263580322e-01 -2.377966977655887604e-02 1.101222783327102661e-01
1.471227407455444336e-01 -2.316456586122512817e-01 -8.351134508848190308e-02 1.151339262723922729e-01 7.281599193811416626e-02 1.989615857601165771e-01
-3.321886062622070312e-01 2.440862655639648438e-01 -2.422333508729934692e-02 -5.421307086944580078e-01 -1.275135725736618042e-01 -1.582439690828323364e-01
1.512495130300521851e-01 -1.641487628221511841e-01 -1.551031507551670074e-02 2.138565182685852051e-01 -7.697118073701858521e-02 -3.885358199477195740e-02
4.990700166672468185e-03 7.378569990396499634e-02 -3.248706161975860596e-01 -8.077417314052581787e-02 1.527874022722244263e-01 -2.586599439382553101e-02
-2.798852324485778809e-02 1.935595832765102386e-02 5.841983947902917862e-03 8.760283142328262329e-02 -1.760758459568023682e-01 -2.621867656707763672e-01
-5.009301751852035522e-02 1.245772093534469604e-01 -6.749773770570755005e-02 -6.668002009391784668e-01 -1.617507189512252808e-01 1.604090072214603424e-02
3.501835465431213379e-01 -2.037153840065002441e-01 3.552794456481933594e-02 2.500538900494575500e-02 3.531415760517120361e-01 8.032847642898559570e-01
-4.132700711488723755e-02 -4.320422932505607605e-02 -5.627139285206794739e-02 -3.800777196884155273e-01 -1.042217388749122620e-01 7.568815350532531738e-02
5.213664770126342773e-01 1.353127062320709229e-01 -2.226789146661758423e-01 6.335473619401454926e-03 -1.991514116525650024e-02 5.465636849403381348e-01
-2.446410953998565674e-01 1.641351282596588135e-01 4.020173568278551102e-03 -1.194143742322921753e-01 2.123141139745712280e-01 6.513505429029464722e-02
-1.568915396928787231e-01 1.633442938327789307e-01 5.461310967803001404e-03 -1.520305126905441284e-01 4.551032558083534241e-02 -1.100658811628818512e-02
-3.912254869937896729e-01 4.461266398429870605e-01 4.633941128849983215e-02 -5.307108163833618164e-01 2.694436311721801758e-01 -5.173622444272041321e-02
-1.190885230898857117e-01 8.775556832551956177e-02 -1.389702707529067993e-01 -1.289974749088287354e-01 3.382081389427185059e-01 2.406899183988571167e-01
-2.008856832981109619e-02 5.464171990752220154e-02 3.035380244255065918e-01 6.393899023532867432e-02 1.593642123043537140e-02 1.545342803001403809e-01
-5.125192459672689438e-03 7.578486800193786621e-01 -1.882668286561965942e-01 4.881620779633522034e-02 -1.764335855841636658e-02 -6.279392242431640625e-01
1.041366234421730042e-01 -1.410864144563674927e-01 -1.812950074672698975e-01 -3.112829057499766350e-03 -1.545832753181457520e-01 -1.444118022918701172e-01
7.059001922607421875e-02 -6.691448390483856201e-02 -1.841585636138916016e-01 -8.759270608425140381e-02 -1.769784241914749146e-01 -9.153228998184204102e-02
-6.611067056655883789e-02 2.106488347053527832e-01 -3.351176083087921143e-01 -3.606710582971572876e-02 -6.707907468080520630e-02 -3.647716343402862549e-01
-4.106843173503875732e-01 4.266342818737030029e-01 2.232605591416358948e-02 -9.379147738218307495e-02 3.461479246616363525e-01 -8.062680065631866455e-02
-3.031483888626098633e-01 1.286041587591171265e-01 -1.055759429931640625e+00 5.635529011487960815e-02 3.239982426166534424e-01 -3.023136556148529053e-01
-9.837890043854713440e-03 1.063541099429130554e-01 -1.697525009512901306e-02 -8.179196119308471680e-01 -1.950128972530364990e-01 4.392802342772483826e-02
4.994288459420204163e-02 1.467545479536056519e-01 -2.147586457431316376e-02 2.614999413490295410e-01 -6.191144585609436035e-01 -7.457350492477416992e-01
-1.220301017165184021e-01 2.385820448398590088e-01 6.718535721302032471e-02 -7.802706211805343628e-02 8.634969592094421387e-02 -2.848304808139801025e-02
6.276020407676696777e-01 -3.149475753307342529e-01 -1.734848767518997192e-01 1.531134396791458130e-01 -1.962152570486068726e-01 -9.586926316842436790e-04
-2.328903414309024811e-02 1.393269281834363937e-02 3.360604345798492432e-01 8.778369426727294922e-02 -6.449230015277862549e-02 2.197112143039703369e-01
2.044433541595935822e-02 -8.462587743997573853e-02 -4.690380766987800598e-02 -4.712584195658564568e-04 2.660758793354034424e-01 3.210984468460083008e-01
-1.190897226333618164e-01 2.889673113822937012e-01 4.350332543253898621e-02 -7.590705156326293945e-02 8.413379192352294922e-01 5.799010992050170898e-01
-2.488450258970260620e-01 -1.065520197153091431e-01 -2.888969779014587402e-01 2.379774749279022217e-01 3.020441234111785889e-01 -3.444397076964378357e-02
-1.113909557461738586e-01 3.021422922611236572e-01 -4.339978098869323730e-02 7.589053362607955933e-02 5.044024586677551270e-01 1.185090392827987671e-01
-3.915030658245086670e-01 2.769376635551452637e-01 1.755447238683700562e-01 2.017081528902053833e-01 4.295163750648498535e-01 1.029365733265876770e-01
8.008792251348495483e-02 -1.337113231420516968e-01 5.232339724898338318e-02 3.481730818748474121e-01 -1.120110452175140381e-01 -1.979207694530487061e-01
2.065442502498626709e-01 3.465948402881622314e-01 7.250639796257019043e-01 1.550041884183883667e-01 -1.936279088258743286e-01 2.521501481533050537e-02
1.883550286293029785e-01 3.716713786125183105e-01 -4.922925233840942383e-01 1.276541233062744141e+00 1.902743130922317505e-01 1.327124983072280884e-02
-1.036499515175819397e-01 1.053385213017463684e-01 2.385972440242767334e-01 -5.044608190655708313e-02 -1.796662807464599609e-01 -1.803477108478546143e-01
-8.183124661445617676e-02 1.845698356628417969e-01 3.586917221546173096e-01 -3.516444936394691467e-02 2.236188761889934540e-02 2.316080778837203979e-02
3.111175298690795898e-01 -1.071419343352317810e-01 1.120146661996841431e-01 -2.689001262187957764e-01 -9.709811210632324219e-02 3.105468153953552246e-01
-1.637504547834396362e-01 1.064801961183547974e-01 2.462866157293319702e-01 9.556407481431961060e-02 -1.746784895658493042e-01 -2.507107555866241455e-01
4.535262286663055420e-01 -5.200467109680175781e-01 -1.460780501365661621e-01 4.948391765356063843e-02 -9.679724574089050293e-01 -6.292045712471008301e-01
9.369902312755584717e-02 -1.525259464979171753e-01 -2.573365867137908936e-01 -4.851480573415756226e-02 -1.428733579814434052e-02 -2.935453504323959351e-02
1.134382128715515137e+00 -4.404448509216308594e+00 3.256331384181976318e-01 -9.278684258460998535e-01 -3.900348901748657227e+00 6.104528307914733887e-01
2.173147201538085938e-01 -1.973050385713577271e-01 -5.668526887893676758e-02 -9.245167672634124756e-02 -3.103205561637878418e-01 -4.066313430666923523e-02
2.582380315288901329e-03 -1.823369995690882206e-03 2.843348085880279541e-01 2.014892995357513428e-01 -1.654613018035888672e-01 -1.212430596351623535e-01
-1.483816057443618774e-01 2.556668817996978760e-01 1.150310114026069641e-01 1.623549312353134155e-01 3.166414201259613037e-01 3.643155470490455627e-02
6.800711899995803833e-02 1.466487646102905273e-01 -1.269634068012237549e-01 -5.197210311889648438e-01 4.558231309056282043e-02 1.894432902336120605e-01
3.266913443803787231e-02 3.580838441848754883e-02 5.126405879855155945e-02 1.612106710672378540e-01 2.559323608875274658e-01 1.722659617662429810e-01
-2.740279585123062134e-02 8.720914274454116821e-02 -1.536111463792622089e-03 -2.886240482330322266e-01 2.244953624904155731e-02 1.281635612249374390e-01
-1.015022471547126770e-01 1.213172748684883118e-01 -1.089463531970977783e-01 -9.994019567966461182e-02 -9.144278615713119507e-02 -3.091687560081481934e-01
1.438855528831481934e-01 -1.345302611589431763e-01 -3.016976714134216309e-01 -7.325188815593719482e-02 -8.110992610454559326e-02 -5.405964329838752747e-02
-7.821717858314514160e-01 1.256880879402160645e+00 8.000309765338897705e-02 -1.008418649435043335e-01 8.666002154350280762e-01 -1.514638066291809082e-01
1.434001922607421875e-01 -8.560009300708770752e-02 -1.339561492204666138e-01 -3.648608028888702393e-01 -3.914952650666236877e-02 2.543449699878692627e-01
1.699098013341426849e-02 1.777263358235359192e-02 -5.002050101757049561e-02 3.770232796669006348e-01 1.768639534711837769e-01 -1.817194931209087372e-02
1.440921723842620850e-01 -1.070782616734504700e-01 3.023850917816162109e-02 -5.915938317775726318e-02 -4.861075580120086670e-01 -2.642248272895812988e-01
4.355134069919586182e-02 1.010463833808898926e-01 -6.587486863136291504e-01 -1.445555035024881363e-02 4.235379695892333984e-01 -5.388542637228965759e-02
3.812760412693023682e-01 -1.603141427040100098e-01 -5.932017415761947632e-02 8.120440691709518433e-02 4.691666364669799805e-01 7.835519313812255859e-01
8.594207465648651123e-02 -5.683687329292297363e-02 -2.217543721199035645e-01 -1.135144606232643127e-01 -1.728474646806716919e-01 -1.525020301342010498e-01
3.656364977359771729e-01 -2.321142405271530151e-01 2.379497587680816650e-01 -1.801498532295227051e-01 -1.253452450037002563e-01 4.244879782199859619e-01
-2.013524323701858521e-01 2.705489397048950195e-01 -1.110053621232509613e-03 -1.734474301338195801e-01 -9.809803217649459839e-02 -1.842195838689804077e-01
-9.216428548097610474e-02 3.932739049196243286e-02 3.423815071582794189e-01 4.559525847434997559e-02 -9.547159075736999512e-02 3.033845499157905579e-02
2.497390061616897583e-01 -3.883720338344573975e-01 -1.082509942352771759e-02 1.313907802104949951e-01 2.130246460437774658e-01 4.484525322914123535e-01
-2.037883969023823738e-03 1.998357772827148438e-01 -1.530648916959762573e-01 1.109587624669075012e-01 9.425843018107116222e-04 -5.665976405143737793e-01
2.575023472309112549e-01 -2.692873775959014893e-01 -3.967760503292083740e-01 2.230820246040821075e-02 -3.164367377758026123e-02 6.045970693230628967e-02
4.472775384783744812e-02 -5.113662779331207275e-02 -2.192873060703277588e-01 1.954107545316219330e-02 -2.858647890388965607e-02 -1.036851406097412109e-01
8.046060800552368164e-02 -7.615349441766738892e-02 -1.211542487144470215e-01 -8.717719465494155884e-02 -3.578311800956726074e-01 -2.361923158168792725e-01
1.349931806325912476e-01 2.766219973564147949e-01 -1.292382087558507919e-02 2.010590434074401855e-01 2.247059494256973267e-01 9.250058978796005249e-02
-3.216341435909271240e-01 3.209257721900939941e-01 5.589484795928001404e-02 -5.608733370900154114e-02 4.848980307579040527e-01 1.772674024105072021e-01
-5.585137605667114258e-01 6.103934049606323242e-01 -2.240696996450424194e-01 2.110133916139602661e-01 8.692618012428283691e-01 1.043848395347595215e-01
1.710887402296066284e-01 -1.756032109260559082e-01 -7.055734097957611084e-02 -9.523176401853561401e-02 1.446956098079681396e-01 3.283384442329406738e-01
1.080418601632118225e-01 -1.130731478333473206e-01 -3.211469575762748718e-02 -4.830960184335708618e-02 1.986280977725982666e-01 3.241544663906097412e-01
1.925962120294570923e-01 -1.727861613035202026e-01 6.571797281503677368e-02 4.936428070068359375e-01 -8.389490097761154175e-02 -8.364855498075485229e-02
2.436643093824386597e-01 -2.393664717674255371e-01 -9.854354709386825562e-02 3.079278208315372467e-02 -2.353487908840179443e-01 -6.633576005697250366e-02
1.304177790880203247e-01 -1.754884421825408936e-01 -1.383997797966003418e-01 -7.486490905284881592e-02 -2.087766975164413452e-01 -3.180285915732383728e-02
-4.665226042270660400e-01 4.157690405845642090e-01 2.424147129058837891e-01 -2.461805194616317749e-01 2.052413672208786011e-01 -1.476154327392578125e-01
-1.227121949195861816e-01 1.882532685995101929e-01 1.944434940814971924e-01 -2.892942540347576141e-02 8.396565169095993042e-02 6.693457812070846558e-02
1.387612968683242798e-01 -1.526685506105422974e-01 -4.076449573040008545e-02 -1.120434552431106567e-01 -4.416429698467254639e-01 -2.296285182237625122e-01
-1.585333794355392456e-01 1.530904471874237061e-01 -9.092525392770767212e-02 -2.175250798463821411e-01 -7.642646133899688721e-02 -1.334021389484405518e-01
4.083607792854309082e-01 3.231500983238220215e-01 6.031592488288879395e-01 -9.928699135780334473e-01 2.466095834970474243e-01 -1.294327080249786377e-01
-3.240568190813064575e-02 -1.322385855019092560e-02 -1.031696647405624390e-01 2.077841043472290039e+00 6.252492219209671021e-02 -8.736383914947509766e-02
6.787727475166320801e-01 -6.488983631134033203e-01 1.736303269863128662e-01 7.017310857772827148e-01 -3.044583797454833984e-01 1.815145611763000488e-01
7.645352929830551147e-02 -7.001606374979019165e-02 1.862208917737007141e-02 1.531348675489425659e-01 1.365807056427001953e-01 1.508855670690536499e-01
1.101365610957145691e-01 -1.483231484889984131e-01 6.503695156425237656e-03 -1.769789904356002808e-01 -4.505034089088439941e-01 -2.020124495029449463e-01
1.751529276371002197e-01 -1.556769758462905884e-01 2.137978561222553253e-02 5.541852489113807678e-02 -3.674468100070953369e-01 -1.693580448627471924e-01
9.316918253898620605e-02 -7.835891097784042358e-02 -1.108782645314931870e-02 -2.861432172358036041e-02 8.656615763902664185e-02 1.929242312908172607e-01
7.269966602325439453e-02 -8.230283856391906738e-02 1.336664557456970215e-01 4.703948274254798889e-02 -3.874560892581939697e-01 -2.326022684574127197e-01
-4.361715540289878845e-02 6.993712484836578369e-02 8.978638797998428345e-02 1.166395246982574463e-01 2.787723243236541748e-01 1.572189629077911377e-01
-6.574293226003646851e-02 9.425578266382217407e-02 -6.371256709098815918e-02 -2.097819149494171143e-01 8.644040673971176147e-02 7.237043976783752441e-02
2.010451704263687134e-01 -2.458227127790451050e-01 1.083325594663619995e-01 3.962784633040428162e-02 -3.421618044376373291e-01 -6.069649383425712585e-02
6.397811174392700195e-01 -6.489667296409606934e-01 2.457407265901565552e-01 1.959918588399887085e-01 9.708839468657970428e-03 6.828320622444152832e-01
-1.412760764360427856e-01 1.492790430784225464e-01 6.170816719532012939e-02 7.590536773204803467e-02 2.504783570766448975e-01 8.934112638235092163e-02
-3.037524461746215820e+00 5.023224949836730957e-01 -3.078925907611846924e-01 7.230079174041748047e-01 1.089977622032165527e+00 -1.935145020484924316e+00
9.527249634265899658e-02 -2.693063020706176758e-01 -3.235063701868057251e-02 -2.407519221305847168e-01 5.751680210232734680e-02 3.939737677574157715e-01
-2.492207884788513184e-01 3.202469050884246826e-01 2.529514208436012268e-02 1.594520360231399536e-01 6.648510098457336426e-01 2.231343984603881836e-01
9.154389053583145142e-02 -2.627409398555755615e-01 -1.824618577957153320e-01 1.226180642843246460e-01 2.235838621854782104e-01 2.682288587093353271e-01
2.117205113172531128e-01 -2.383292019367218018e-01 2.044993340969085693e-01 6.278983503580093384e-02 -2.957708761096000671e-02 3.601782917976379395e-01
2.442555427551269531e-01 -2.523090839385986328e-01 1.135453768074512482e-02 -2.844651974737644196e-02 -2.001587301492691040e-01 1.042943671345710754e-01
7.301849126815795898e-02 -9.325976669788360596e-02 6.394092738628387451e-02 3.133706450462341309e-01 -1.208941414952278137e-01 -1.852484047412872314e-01
1.606044322252273560e-01 -1.804483532905578613e-01 4.647738113999366760e-02 1.151007935404777527e-01 -1.459771841764450073e-01 4.125519469380378723e-02
-4.510239660739898682e-01 4.469772875308990479e-01 4.826868772506713867e-01 1.395251303911209106e-01 3.516593873500823975e-01 -7.068332750350236893e-03
2.256504148244857788e-01 -1.708423793315887451e-01 -7.821530848741531372e-02 -1.540518552064895630e-01 -4.381431341171264648e-01 -1.748642325401306152e-01
-1.655072569847106934e-01 1.500142812728881836e-01 -1.579990237951278687e-01 -2.590169906616210938e-01 2.090983092784881592e-01 1.248311102390289307e-01
-1.003976389765739441e-01 8.725575357675552368e-02 4.452566206455230713e-01 7.744818925857543945e-02 -2.742366120219230652e-02 1.277214735746383667e-01
4.173068702220916748e-02 -4.298527911305427551e-02 -3.625371679663658142e-02 -2.720098495483398438e-01 -7.932398468255996704e-02 7.065317477099597454e-04
-3.687539398670196533e-01 1.728471368551254272e-01 9.788680672645568848e-01 1.526705920696258545e-01 6.873735040426254272e-02 1.629904359579086304e-01
5.183623358607292175e-02 -4.234654456377029419e-02 -4.794949200004339218e-03 -9.759660065174102783e-02 1.761069744825363159e-01 2.793282270431518555e-01
4.095181822776794434e-02 -4.968442767858505249e-02 -9.095306694507598877e-02 -5.703713744878768921e-02 -2.277031838893890381e-01 -1.652975976467132568e-01
-4.709800183773040771e-01 3.680974841117858887e-01 6.083894148468971252e-02 7.704155892133712769e-02 9.450320005416870117e-01 4.103991687297821045e-01
-2.628097236156463623e-01 2.792817652225494385e-01 9.219383001327514648e-01 9.723776578903198242e-02 8.398064970970153809e-02 2.403292953968048096e-01
-8.095534145832061768e-02 1.480666846036911011e-01 1.558065265417098999e-01 1.582662314176559448e-01 -9.510530531406402588e-02 -1.740798950195312500e-01
-2.971078455448150635e-01 2.615227997303009033e-01 -2.475547604262828827e-03 1.286029070615768433e-01 -1.881602257490158081e-01 -5.862655043601989746e-01
-5.218334868550300598e-02 6.671012938022613525e-02 1.488547176122665405e-01 -1.524097193032503128e-02 2.307838052511215210e-01 2.067926675081253052e-01
2.513101696968078613e-01 1.384094208478927612e-01 3.038892149925231934e-01 -1.956106424331665039e-01 -5.302565544843673706e-02 2.376899495720863342e-02
-1.098307251930236816e+00 8.661038279533386230e-01 -5.253623425960540771e-02 -2.632422558963298798e-02 -2.680313885211944580e-01 -1.553801178932189941e+00
1.938093751668930054e-01 -2.198350429534912109e-01 -7.684631645679473877e-02 1.365184187889099121e-01 7.646016776561737061e-02 2.226221561431884766e-01
-1.254087537527084351e-01 8.867444843053817749e-02 1.444718092679977417e-01 -1.094500496983528137e-01 -2.212242633104324341e-01 -2.243209928274154663e-01
-3.918919339776039124e-02 7.875183820724487305e-01 3.313724100589752197e-01 2.372442930936813354e-01 2.281551957130432129e-01 -2.931165993213653564e-01
-1.944948136806488037e-01 2.225826680660247803e-01 -1.089922934770584106e-01 -1.072242483496665955e-01 4.205951988697052002e-01 1.265288442373275757e-01
4.536841996014118195e-03 2.101812325417995453e-02 -3.078837692737579346e-02 -7.502420246601104736e-02 -2.022331506013870239e-01 -1.967031210660934448e-01
-6.159815192222595215e-02 1.547731310129165649e-01 2.977676503360271454e-02 3.875488415360450745e-02 5.683140158653259277e-01 3.139954805374145508e-01
-1.476350873708724976e-01 5.613642930984497070e-02 2.502973079681396484e-01 -4.716230928897857666e-02 -2.224610745906829834e-02 8.290753699839115143e-03
8.096019923686981201e-02 -1.216236352920532227e-01 -4.027621448040008545e-01 -9.770327061414718628e-02 8.129895478487014771e-02 2.585768699645996094e-03
-1.143108606338500977e-01 1.086304709315299988e-01 8.814197033643722534e-02 -1.827600747346878052e-01 -2.710668556392192841e-02 1.229434460401535034e-02
-1.895207315683364868e-01 1.528574079275131226e-01 -1.904257945716381073e-02 -1.720449775457382202e-01 -1.137745827436447144e-01 -2.651005089282989502e-01
-1.050615161657333374e-01 9.737654775381088257e-02 3.428622484207153320e-01 6.115412712097167969e-02 -2.550111114978790283e-01 -2.246713340282440186e-01
1.262798905372619629e-01 -6.273407489061355591e-02 -5.116886273026466370e-02 -2.650323808193206787e-01 -2.876628339290618896e-01 6.984788458794355392e-03
1.458127889782190323e-02 -7.826304063200950623e-03 -3.530209958553314209e-01 -9.102328866720199585e-02 2.361926138401031494e-01 6.311061233282089233e-02
-1.697639524936676025e-01 1.022635698318481445e-01 3.321378827095031738e-01 9.136652201414108276e-02 1.785180158913135529e-02 2.163611166179180145e-02
-3.211468458175659180e-01 2.033077925443649292e-01 2.642895281314849854e-01 3.066008538007736206e-02 3.335947170853614807e-03 -8.363864570856094360e-02
2.269413322210311890e-01 -2.746137976646423340e-01 -1.611125320196151733e-01 3.303143195807933807e-03 -8.283950388431549072e-03 1.748840808868408203e-01
1.542299836874008179e-01 -4.701583683490753174e-01 3.046852350234985352e-01 1.639117896556854248e-01 -7.325655966997146606e-02 3.876936733722686768e-01
-3.288587033748626709e-01 2.238795161247253418e-01 3.756034374237060547e-02 -1.445821225643157959e-01 2.312023490667343140e-01 6.311074644327163696e-02
2.105682529509067535e-02 4.835822433233261108e-02 -9.111437946557998657e-02 -5.017371177673339844e-01 2.799381017684936523e-01 1.212317645549774170e-01
-2.358794659376144409e-01 2.291558533906936646e-01 -1.659906469285488129e-02 -3.138904571533203125e-01 3.271725401282310486e-02 -5.029962956905364990e-02
-4.979288578033447266e-01 4.126676023006439209e-01 5.527616292238235474e-02 -8.103232085704803467e-02 2.524955868721008301e-01 -1.186804622411727905e-01
1.150592416524887085e-01 -6.039918959140777588e-02 -2.042849808931350708e-01 -2.098631579428911209e-03 -1.097781509160995483e-01 -1.182622611522674561e-01
-5.945121496915817261e-02 4.331860318779945374e-02 -3.215669468045234680e-02 1.850517094135284424e-02 -1.341354697942733765e-01 -2.384682446718215942e-01
1.312088817358016968e-01 -1.070356443524360657e-01 4.724720492959022522e-03 2.976027727127075195e-01 7.211142033338546753e-02 2.137329243123531342e-02
-1.397352814674377441e-01 1.610033810138702393e-01 -7.037587463855743408e-02 -2.900770008563995361e-01 9.595670551061630249e-02 1.670348793268203735e-01
-1.811062395572662354e-01 1.614850461483001709e-01 1.322826147079467773e-01 7.259740028530359268e-03 8.101080358028411865e-02 -5.077648907899856567e-02
-5.141317248344421387e-01 3.549664318561553955e-01 5.419522523880004883e-01 -4.493373334407806396e-01 -8.277488499879837036e-02 1.201631724834442139e-01
-1.816170066595077515e-01 1.970328688621520996e-01 1.109567238017916679e-03 -6.892199069261550903e-02 -2.068388909101486206e-01 -3.561280667781829834e-01
-3.787669166922569275e-02 1.309921741485595703e-01 4.109889864921569824e-01 4.608863964676856995e-02 -6.238732952624559402e-03 1.621815264225006104e-01
-1.472215652465820312e-01 1.211519911885261536e-01 -7.196041196584701538e-02 -1.720445454120635986e-01 -8.500361442565917969e-02 -1.564839482307434082e-01
-1.376156210899353027e-01 2.965538799762725830e-01 1.105310674756765366e-02 1.001322269439697266e-01 1.308837085962295532e-01 -1.358928829431533813e-01
4.100328981876373291e-01 -2.512255907058715820e-01 2.844525873661041260e-01 4.401889070868492126e-02 -5.561998486518859863e-01 -7.983813434839248657e-02
1.914147734642028809e-01 2.496593296527862549e-01 1.084302086383104324e-02 -5.982739329338073730e-01 1.134571731090545654e-01 2.034034430980682373e-01
1.113654300570487976e-01 -8.419673889875411987e-02 2.807228825986385345e-02 -4.776236601173877716e-03 -3.374037444591522217e-01 -2.362214475870132446e-01
-5.115465074777603149e-02 4.040092602372169495e-02 3.139321804046630859e-01 4.499246552586555481e-02 -7.963281869888305664e-02 1.529767923057079315e-02
1.225710213184356689e-01 -1.422485411167144775e-01 -1.966919600963592529e-01 -3.470049425959587097e-02 7.991246134042739868e-02 1.450992524623870850e-01
1.388548463582992554e-01 -2.298840284347534180e-01 -4.188271164894104004e-01 -2.349502742290496826e-01 -6.234763935208320618e-02 5.494906008243560791e-02
-1.947623938322067261e-01 1.613384634256362915e-01 1.086729615926742554e-01 -1.408057361841201782e-01 8.467539399862289429e-02 -8.371047442778944969e-04
-2.398407459259033203e-01 1.207788735628128052e-01 -3.155201077461242676e-01 -1.347151994705200195e-01 1.392549276351928711e-01 -8.357865363359451294e-02
-1.526121050119400024e-01 1.315458863973617554e-01 3.252724930644035339e-02 1.939823031425476074e-01 -8.303885906934738159e-02 -3.656376302242279053e-01
-2.172424942255020142e-01 2.434538006782531738e-01 8.420077711343765259e-02 -4.913106560707092285e-02 1.279141902923583984e-01 3.230603761039674282e-04
3.796474337577819824e-01 -7.704300433397293091e-02 -9.268819689750671387e-01 -9.580167941749095917e-03 1.706914454698562622e-01 5.090994015336036682e-02
-5.825519934296607971e-02 1.655067950487136841e-01 3.156596422195434570e-02 -4.442801773548126221e-01 -1.193533763289451599e-01 6.813880801200866699e-02
4.503789842128753662e-01 6.185759231448173523e-02 -4.826968312263488770e-01 -3.352620080113410950e-02 1.187684684991836548e-01 2.803324349224567413e-02
9.480091184377670288e-02 -1.743360012769699097e-01 -4.535670951008796692e-02 3.653279040008783340e-03 3.924297541379928589e-02 1.860343366861343384e-01
1.431555747985839844e-01 -1.349455565214157104e-01 -1.767203658819198608e-01 3.472117707133293152e-02 1.016703024506568909e-01 1.141707152128219604e-01
2.649859786033630371e-01 -2.286419570446014404e-01 -6.943794488906860352e-01 -1.819175183773040771e-01 -1.867618411779403687e-02 -2.826825156807899475e-02
2.828743159770965576e-01 -2.718192636966705322e-01 -2.207386046648025513e-01 8.031154051423072815e-03 -1.307682693004608154e-01 6.044496968388557434e-02
2.644867897033691406e-01 -1.880727112293243408e-01 -3.290622234344482422e-01 -9.645493328571319580e-02 -1.208886578679084778e-01 2.560167014598846436e-02
1.020312458276748657e-01 -9.414891153573989868e-02 1.925491094589233398e-01 2.413574904203414917e-01 -1.173328235745429993e-01 -3.983402997255325317e-02
-1.601251661777496338e-01 2.039445489645004272e-01 -6.896275281906127930e-02 -1.775223910808563232e-01 -8.664369583129882812e-02 -2.313004136085510254e-01
5.629118531942367554e-02 -1.821192540228366852e-02 1.226560398936271667e-01 -1.965038627386093140e-01 -2.973127961158752441e-01 -4.143941402435302734e-02
-7.435325533151626587e-02 2.523286268115043640e-02 -5.476207658648490906e-02 1.456494927406311035e-01 2.676902106031775475e-03 -1.934477686882019043e-01
1.263220459222793579e-01 -1.938986629247665405e-01 3.772507654502987862e-03 2.265876829624176025e-01 -1.724971532821655273e-01 -1.106769517064094543e-01
2.015019357204437256e-01 -2.355046868324279785e-01 -1.539208292961120605e-01 2.605779469013214111e-02 -1.971619129180908203e-01 -6.725292652845382690e-02
-1.349264085292816162e-01 1.268370747566223145e-01 3.817749023437500000e-01 1.084610596299171448e-01 2.347543090581893921e-02 5.891632661223411560e-02
-5.098311603069305420e-02 4.818791896104812622e-02 -3.272352367639541626e-02 -8.532271534204483032e-02 2.306932061910629272e-01 2.368994504213333130e-01
-2.908239662647247314e-01 3.010065555572509766e-01 1.446034312248229980e-01 -2.240498317405581474e-03 4.640824198722839355e-01 2.214464098215103149e-01
6.024446338415145874e-02 2.936304807662963867e-01 2.167292088270187378e-01 -1.345153003931045532e-01 1.375447809696197510e-01 3.798443675041198730e-01
5.759864449501037598e-01 6.433919668197631836e-01 -9.209656715393066406e-02 5.925051122903823853e-02 -5.519108772277832031e-01 -3.329767147079110146e-03
1.164279058575630188e-01 -1.418700516223907471e-01 4.664568603038787842e-02 1.562050879001617432e-01 -8.088637143373489380e-02 7.054268568754196167e-02
2.505263686180114746e-01 -2.424632608890533447e-01 -1.620608866214752197e-01 -8.849851787090301514e-03 -2.218835353851318359e-01 -7.187103480100631714e-02
-3.766632452607154846e-02 1.300726383924484253e-01 4.962350800633430481e-02 1.995609849691390991e-01 3.750582039356231689e-01 1.371335387229919434e-01
-3.377978205680847168e-01 2.965916395187377930e-01 1.951463818550109863e-01 3.354681283235549927e-02 2.121876031160354614e-01 -8.607886731624603271e-02
-1.144713401794433594e+00 7.272459268569946289e-01 -2.603479921817779541e-01 -4.372321367263793945e-01 1.256740808486938477e+00 3.250457346439361572e-01
-7.978364080190658569e-02 9.247906506061553955e-02 5.541856959462165833e-02 1.536811441183090210e-01 2.987732589244842529e-01 8.457103371620178223e-02
-1.195131167769432068e-01 4.864902421832084656e-02 1.095347180962562561e-01 -1.493829786777496338e-01 6.879315525293350220e-02 1.201675534248352051e-01
3.152892887592315674e-01 -2.101227641105651855e-01 1.307863444089889526e-01 -1.572019010782241821e-01 -5.493282675743103027e-01 -1.058735176920890808e-01
-4.177849590778350830e-01 1.232889890670776367e-01 -2.182277292013168335e-02 1.867764443159103394e-01 -5.412222146987915039e-01 -9.406555891036987305e-01
-1.798335760831832886e-01 1.844485253095626831e-01 1.821397095918655396e-01 2.012052386999130249e-02 2.141811251640319824e-01 6.546850502490997314e-02
2.409030050039291382e-01 -1.928131431341171265e-01 -2.100503146648406982e-01 6.073543056845664978e-02 -1.755409389734268188e-01 -4.613863304257392883e-02
-2.314932495355606079e-01 4.182623326778411865e-01 -2.574315667152404785e-01 5.122875049710273743e-02 -2.655783593654632568e-01 -7.983793020248413086e-01
-2.020613551139831543e-01 2.214005440473556519e-01 -5.116934329271316528e-02 -9.216129779815673828e-02 -1.263792216777801514e-01 -3.984621167182922363e-01
4.291753172874450684e-01 -5.843155980110168457e-01 -4.039762616157531738e-01 4.701810479164123535e-01 -1.409601233899593353e-02 2.263091504573822021e-02
-1.184940561652183533e-01 1.297257393598556519e-01 -3.373872861266136169e-02 -1.113335862755775452e-01 2.421465516090393066e-01 9.519822895526885986e-02
-2.197854965925216675e-01 1.234708130359649658e-01 -8.545137941837310791e-02 -3.373283445835113525e-01 -5.790890008211135864e-02 -1.162408292293548584e-01
-1.670452803373336792e-01 4.172292053699493408e-01 -1.164702512323856354e-02 1.764717251062393188e-01 6.344816088676452637e-02 -3.488704860210418701e-01
1.006180197000503540e-01 -2.375046908855438232e-02 -2.350887954235076904e-01 -1.596424728631973267e-01 1.322949826717376709e-01 3.021139800548553467e-01
2.060534060001373291e-01 -2.524695396423339844e-01 -2.415167242288589478e-01 -1.302505731582641602e-01 -3.767466843128204346e-01 -1.210494190454483032e-01
1.746929287910461426e-01 -2.404275834560394287e-01 -8.249020576477050781e-01 -7.863827049732208252e-02 -6.463812291622161865e-02 -2.336367499083280563e-03
-1.243938356637954712e-01 1.107891798019409180e-01 -2.714649960398674011e-02 -2.920802235603332520e-01 -1.046260297298431396e-01 -9.647575020790100098e-02
-6.425431966781616211e-01 -5.061564445495605469e-01 2.389822155237197876e-01 -2.365969717502593994e-01 -2.837888598442077637e-01 3.229206204414367676e-01
4.909345507621765137e-02 -4.250795766711235046e-02 -4.007115587592124939e-02 1.374899893999099731e-01 3.190904259681701660e-01 2.928241193294525146e-01
2.977622449398040771e-01 -1.354428231716156006e-01 3.101144731044769287e-02 -1.366277486085891724e-01 2.630198001861572266e-01 5.848146677017211914e-01
9.216655045747756958e-02 -5.884250625967979431e-02 1.821242645382881165e-02 2.097695022821426392e-01 -8.146059513092041016e-02 -6.187786161899566650e-02
4.232202470302581787e-01 6.102578043937683105e-01 5.610186979174613953e-02 -7.473468780517578125e-02 -8.438152819871902466e-02 -1.524177938699722290e-01
-3.875198662281036377e-01 4.992031753063201904e-01 6.728588938713073730e-01 -1.133402213454246521e-01 -2.788096964359283447e-01 -3.488175272941589355e-01
5.378173291683197021e-02 -6.496980041265487671e-02 -7.425599731504917145e-03 1.030263900756835938e-01 2.647477090358734131e-01 2.875038683414459229e-01
1.937530636787414551e-01 -2.251558601856231689e-01 1.568801850080490112e-01 3.342218101024627686e-01 -6.101685762405395508e-02 7.556343078613281250e-02
-2.366120964288711548e-01 1.291932761669158936e-01 -1.064582318067550659e-01 -1.428678035736083984e-01 3.192588388919830322e-01 1.283607184886932373e-01
1.130667477846145630e-01 1.418759673833847046e-01 2.329608649015426636e-01 3.295341506600379944e-02 3.960150778293609619e-01 3.271414637565612793e-01
5.205077305436134338e-02 1.097713708877563477e-01 1.601160168647766113e-01 3.762939274311065674e-01 1.905684769153594971e-01 -5.037116259336471558e-02
-2.038897275924682617e-01 2.293080836534500122e-02 -1.487094443291425705e-02 3.684563040733337402e-01 1.233269497752189636e-01 -8.976050466299057007e-02
-2.098493278026580811e-01 2.350853234529495239e-01 -9.014946222305297852e-02 2.257918007671833038e-02 2.345523685216903687e-01 -8.734747767448425293e-02
7.636481523513793945e-01 7.024264335632324219e-01 3.200162947177886963e-01 -2.502172999083995819e-02 -1.297896057367324829e-01 -1.135991141200065613e-01
1.801523864269256592e-01 -1.215441972017288208e-01 4.263428971171379089e-03 -8.305956423282623291e-02 1.248100399971008301e-01 3.389570713043212891e-01
-1.831163316965103149e-01 3.876810967922210693e-01 1.883444935083389282e-01 -4.041362181305885315e-02 6.150426808744668961e-03 -1.053045541048049927e-01
1.139324605464935303e-01 -1.086417511105537415e-01 1.098959818482398987e-01 3.070950508117675781e-01 -8.256135135889053345e-02 -3.667666018009185791e-02
1.874732077121734619e-01 -1.409601122140884399e-01 2.282435074448585510e-02 -5.529038608074188232e-02 -2.966524064540863037e-01 -1.089392155408859253e-01
-2.091048061847686768e-01 2.635353505611419678e-01 -1.909632468596100807e-03 -2.935648150742053986e-02 -9.196659177541732788e-02 -3.607613146305084229e-01
-1.051383092999458313e-01 2.003347426652908325e-01 -2.609668672084808350e-02 -3.594461083412170410e-01 6.765624135732650757e-02 1.203142553567886353e-01
-8.835569024085998535e-02 9.658776968717575073e-02 -1.914440542459487915e-01 -1.500154584646224976e-01 -1.443960964679718018e-01 -3.016986548900604248e-01
-1.766949594020843506e-01 2.099548131227493286e-01 8.317964524030685425e-02 -9.554234892129898071e-02 8.447812870144844055e-03 -1.062750667333602905e-01
2.625218331813812256e-01 -2.144500017166137695e-01 -1.931516677141189575e-01 -5.217720940709114075e-02 1.814524829387664795e-01 3.633717000484466553e-01
-4.197594523429870605e-02 2.371514774858951569e-02 1.871036142110824585e-01 -6.168469041585922241e-02 2.069902271032333374e-01 3.601609170436859131e-01
-1.602037698030471802e-01 1.740195602178573608e-01 1.280981302261352539e-01 1.547736208885908127e-02 -2.436755597591400146e-02 -1.045270785689353943e-01
2.615594565868377686e-01 -3.223778903484344482e-01 1.712931543588638306e-01 -9.192848950624465942e-02 -7.097456604242324829e-02 3.301714658737182617e-01
-1.060163453221321106e-01 7.887559384107589722e-02 -1.448817253112792969e-01 4.483078420162200928e-02 -1.609214842319488525e-01 -3.643628358840942383e-01
-3.182977437973022461e-02 -1.543734222650527954e-02 2.696522176265716553e-01 9.032250195741653442e-02 7.891632616519927979e-02 1.249046102166175842e-01
9.675587713718414307e-02 -1.508391946554183960e-01 -2.743877470493316650e-01 -8.201771229505538940e-02 -7.288716733455657959e-02 -4.749090597033500671e-02
-1.562426090240478516e-01 1.640784144401550293e-01 1.631102412939071655e-01 -2.017369680106639862e-02 9.117160737514495850e-02 3.618470579385757446e-02
