-6.673266738653182983e-02 -9.937229007482528687e-02 -3.178321123123168945e-01 1.531615495681762695e+00 9.289678186178207397e-02 -3.733951449394226074e-01
-6.745462864637374878e-02 5.833650473505258560e-03 -7.507491111755371094e-02 -1.247187256813049316e-01 5.236948728561401367e-01 -1.135442256927490234e-01
5.342334625311195850e-04 4.745725542306900024e-02 1.829651184380054474e-03 -2.865770459175109863e-02 2.729621827602386475e-01 6.966004967689514160e-01
2.499542571604251862e-02 -5.872618779540061951e-02 -3.603936359286308289e-02 1.287631541490554810e-01 4.882538914680480957e-01 1.787320971488952637e-01
-1.205512583255767822e-01 2.822454459965229034e-02 3.962298035621643066e-01 -7.875455915927886963e-02 -1.098507344722747803e-01 -5.814882516860961914e-01
1.867141807451844215e-03 -9.024761617183685303e-03 -4.408267140388488770e-02 -2.264682436361908913e-03 -9.355045855045318604e-02 4.876503050327301025e-01
-4.695282876491546631e-02 -5.229772254824638367e-02 2.924908697605133057e-01 -2.624337375164031982e-01 -9.349595904350280762e-01 -3.844107314944267273e-02
1.322587952017784119e-02 -2.846727892756462097e-02 -1.403900384902954102e-01 4.698921740055084229e-01 -6.692111492156982422e-01 -2.242918759584426880e-01
6.968690752983093262e-01 -3.925255239009857178e-01 5.841982550919055939e-03 -2.535267360508441925e-02 -9.658883325755596161e-03 -1.645433902740478516e-02
-7.415055762976408005e-03 1.862671039998531342e-02 2.299399301409721375e-02 -1.572806388139724731e-01 1.551916897296905518e-01 2.933742702007293701e-01
-1.851849257946014404e-02 5.264519155025482178e-02 -3.961573839187622070e+00 -2.017989307641983032e-01 1.529667675495147705e-01 -4.536772966384887695e-01
-4.915171768516302109e-03 1.669096015393733978e-02 -1.710502207279205322e-01 1.530289798974990845e-01 3.427074551582336426e-01 6.768307834863662720e-02
4.181664064526557922e-02 9.750473499298095703e-02 -7.680803537368774414e-02 1.572465300559997559e-01 -6.545713543891906738e-01 -5.460663437843322754e-01
-1.255374960601329803e-02 8.485198765993118286e-02 -5.629141256213188171e-02 -1.473718136548995972e-01 -2.883922755718231201e-01 1.097661722451448441e-02
3.146207705140113831e-02 6.363153457641601562e-02 -3.882396221160888672e-02 5.149514600634574890e-02 -5.461657047271728516e-01 9.026741385459899902e-01
-9.415906853973865509e-03 -3.715196624398231506e-02 9.667139500379562378e-02 -3.388240188360214233e-02 -2.727521061897277832e-01 -1.396547317504882812e+00
2.796577289700508118e-02 -8.229273557662963867e-02 1.018440052866935730e-01 3.629378229379653931e-02 -8.111514151096343994e-02 -9.087658524513244629e-01
-3.640555590391159058e-02 2.126274630427360535e-02 -2.293020635843276978e-01 2.519674599170684814e-01 -1.324356794357299805e-01 -4.973393082618713379e-01
-1.949794963002204895e-02 2.505107969045639038e-02 1.894536018371582031e-01 -2.018253058195114136e-01 -1.155822724103927612e-02 1.902482509613037109e-01
8.726881816983222961e-03 6.570886820554733276e-03 -6.228072196245193481e-02 1.384739130735397339e-01 4.703163802623748779e-01 -1.309060212224721909e-02
-1.045028213411569595e-02 -2.551704831421375275e-02 1.213742867112159729e-01 -4.567785188555717468e-02 -3.403491377830505371e-01 -2.594281733036041260e-01
2.261257544159889221e-02 -8.595023304224014282e-03 -5.992457866668701172e-01 5.778489634394645691e-02 3.801034688949584961e-01 4.063031822443008423e-02
-3.317232847213745117e+00 -5.976225808262825012e-02 -2.860179245471954346e-01 -1.186824887990951538e-01 7.310977578163146973e-02 -9.638617932796478271e-02
-7.003109902143478394e-02 3.758430853486061096e-02 6.541328430175781250e-01 -2.838986814022064209e-01 4.421645775437355042e-02 2.913410961627960205e-01
5.704501867294311523e-01 -2.164568006992340088e-01 1.808275938034057617e+00 4.809844791889190674e-01 -3.591149151325225830e-01 -5.372092723846435547e-01
9.597636759281158447e-02 2.519511878490447998e-01 5.323031544685363770e-01 -3.299431204795837402e-01 6.411967873573303223e-01 3.618637323379516602e-01
-2.250579148530960083e-01 2.888522744178771973e-01 -3.470005095005035400e-02 1.342522352933883667e-02 1.171010136604309082e-01 1.774972826242446899e-01
-4.770008325576782227e-01 2.606507241725921631e-01 5.124926567077636719e-03 -8.781641721725463867e-03 -2.299318276345729828e-02 -5.427705589681863785e-03
-1.150691416114568710e-02 6.174632906913757324e-02 -2.743934094905853271e-01 2.981287240982055664e-01 -3.694452345371246338e-01 -2.716042399406433105e-01
7.189407944679260254e-02 9.761052578687667847e-02 7.227863371372222900e-02 3.774925693869590759e-02 -7.690632343292236328e-02 -1.187623381614685059e+00
-6.406636238098144531e-01 3.979786336421966553e-01 3.361007943749427795e-02 2.898321300745010376e-02 -2.557970210909843445e-02 1.618123799562454224e-02
7.363316416740417480e-02 -3.379881009459495544e-02 -1.000834584236145020e+00 -6.744621992111206055e-01 -1.234996169805526733e-01 -8.690413832664489746e-02
1.763522066175937653e-02 9.927954524755477905e-03 -9.094563871622085571e-02 4.436846673488616943e-01 -1.881197988986968994e-01 -4.906504154205322266e-01
3.540379228070378304e-03 -5.614341795444488525e-02 2.788304984569549561e-01 -2.115068286657333374e-01 -1.790463328361511230e-01 8.336852490901947021e-02
6.346899271011352539e-02 1.232505068182945251e-01 -2.348422072827816010e-03 2.312891185283660889e-01 1.896708607673645020e+00 2.035922408103942871e-01
1.500156801193952560e-02 1.189940273761749268e-01 6.856327056884765625e-01 -7.939235866069793701e-02 3.178177401423454285e-02 -1.172299265861511230e+00
1.369121372699737549e-01 1.099646463990211487e-01 3.105690717697143555e+00 4.065167605876922607e-01 7.148641347885131836e-01 7.270075380802154541e-02
4.936829805374145508e-01 -3.032349348068237305e-01 -4.459290578961372375e-02 6.892991717904806137e-03 -4.097830038517713547e-03 -9.841558523476123810e-03
-1.006011199206113815e-02 -3.206033259630203247e-02 5.659857764840126038e-02 -2.579790651798248291e-01 2.067515701055526733e-01 5.026682615280151367e-01
1.019645810127258301e+00 -8.431264162063598633e-01 8.125679939985275269e-02 6.852178275585174561e-02 6.587857007980346680e-02 2.250218391418457031e-01
-3.520374186336994171e-03 4.331457428634166718e-03 6.826937198638916016e-02 -2.882848680019378662e-01 7.233044505119323730e-02 1.312356144189834595e-01
5.843788385391235352e-03 3.355943784117698669e-02 7.625722885131835938e-02 -3.981566801667213440e-02 -3.131843805313110352e-01 -8.589149266481399536e-02
-1.386729720979928970e-02 -3.690603747963905334e-02 3.684220910072326660e-01 -2.086075097322463989e-01 2.732195258140563965e-01 -3.139822959899902344e+00
-7.796870078891515732e-03 -1.537784934043884277e-01 -1.242942333221435547e+00 5.199654579162597656e+00 3.126727342605590820e-01 -1.254200577735900879e+00
-4.542794823646545410e-02 6.386557128280401230e-03 1.616440773010253906e+00 -6.203345656394958496e-01 -2.190708070993423462e-01 1.146653592586517334e-01
-6.590156257152557373e-02 4.270530119538307190e-02 5.902735516428947449e-02 -5.854267627000808716e-02 4.997552633285522461e-01 3.406129479408264160e-01
1.682108454406261444e-02 -3.530937060713768005e-02 -1.341149210929870605e-01 3.886946141719818115e-01 -2.763141691684722900e-01 -7.271268367767333984e-01
-2.949960231781005859e-01 1.918283551931381226e-01 9.908335685729980469e+00 8.578627109527587891e-01 3.450970351696014404e-01 5.494868755340576172e-01
2.235991321504116058e-02 -3.240189328789710999e-02 -1.283408999443054199e-01 2.441110908985137939e-01 -3.240261673927307129e-01 -1.818462274968624115e-02
-7.014443632215261459e-03 -1.135359052568674088e-02 -2.823905944824218750e-01 2.130204439163208008e-01 -1.048445180058479309e-01 -2.749378383159637451e-01
-3.667507693171501160e-02 1.968079991638660431e-02 3.210922181606292725e-01 4.232683032751083374e-02 7.329701185226440430e-01 2.775958776473999023e+00
-5.013528279960155487e-03 3.670032322406768799e-01 1.762744069099426270e+00 -2.010830491781234741e-01 -2.085509002208709717e-01 -3.075438439846038818e-01
-3.019110299646854401e-02 -1.775569655001163483e-02 1.242785081267356873e-01 -8.770510554313659668e-02 3.660136600956320763e-03 5.352566838264465332e-01
5.752515420317649841e-02 -5.831558257341384888e-03 5.185161158442497253e-02 -2.090465128421783447e-01 2.368946559727191925e-02 -2.262309044599533081e-01
-1.544290542602539062e+00 1.033002018928527832e+00 2.766413688659667969e-01 2.997917830944061279e-01 1.402688175439834595e-01 1.344152987003326416e-01
1.613594777882099152e-02 -4.527555778622627258e-02 -1.916109025478363037e-01 2.195932418107986450e-01 -7.946040481328964233e-02 -3.702387809753417969e-01
6.658746600151062012e-01 3.007019281387329102e+00 -2.285947203636169434e-01 -2.299271523952484131e-02 -7.385997101664543152e-03 -1.055988445878028870e-01
-4.061793535947799683e-02 -1.623100340366363525e-01 3.828508555889129639e-01 -1.661676913499832153e-02 -4.058480262756347656e-01 1.855783760547637939e-01
-4.920339584350585938e-02 -6.594727933406829834e-02 -4.197013378143310547e-01 1.747976243495941162e-01 1.483478546142578125e-01 2.070473432540893555e-01
6.162224709987640381e-02 1.409991234540939331e-01 5.655721426010131836e-01 -1.788108646869659424e-01 -2.091774642467498779e-01 3.216784819960594177e-02
-1.249548643827438354e-01 -5.607127398252487183e-02 -7.656643986701965332e-01 -1.992224715650081635e-02 8.655833452939987183e-02 1.130662858486175537e-02
-7.825934886932373047e-02 8.570598065853118896e-02 5.694326758384704590e-01 -1.522321105003356934e+00 -1.511967480182647705e-01 -1.579159498214721680e-01
3.408746793866157532e-02 -7.761219516396522522e-03 2.770386338233947754e-01 -3.230726718902587891e-01 -4.936439096927642822e-01 -9.211635589599609375e-02
-1.704328879714012146e-02 -6.137519143521785736e-03 1.001503914594650269e-01 -1.521061956882476807e-01 2.655446231365203857e-01 8.861407637596130371e-01
-8.595735579729080200e-02 -1.784800887107849121e-01 -9.600515365600585938e-01 1.343456745147705078e+00 -4.531783461570739746e-01 -1.777088880538940430e+00
8.941570296883583069e-03 2.527750469744205475e-02 -1.719114035367965698e-01 -1.430207639932632446e-01 2.130145430564880371e-01 4.496138691902160645e-01
2.656657062470912933e-02 7.146258372813463211e-03 3.298844695091247559e-01 -2.029470205307006836e-01 4.966872930526733398e-02 1.755065917968750000e-01
-1.721902191638946533e-02 5.297584459185600281e-02 -4.325613752007484436e-02 8.061358332633972168e-01 -1.777475625276565552e-01 -1.440034955739974976e-01
4.692804440855979919e-02 1.027862727642059326e-02 -8.428984880447387695e-02 2.142585813999176025e-01 3.419628143310546875e-01 5.742274597287178040e-02
3.582246005535125732e-01 -5.107264518737792969e-01 3.717732131481170654e-01 2.937816083431243896e-01 1.634220406413078308e-02 -3.243799507617950439e-01
1.840093880891799927e-01 1.141947433352470398e-01 -1.781300902366638184e-01 5.071805953979492188e+00 1.082798361778259277e+00 -5.504972934722900391e-01
-1.999473944306373596e-02 -8.766301721334457397e-02 -3.538009226322174072e-01 6.640741601586341858e-03 -1.196369767189025879e+00 -2.457797676324844360e-01
1.823298633098602295e-02 -2.741197496652603149e-02 2.472803555428981781e-02 -7.897175103425979614e-02 3.302719891071319580e-01 2.485049217939376831e-01
1.117800772190093994e-01 3.152513802051544189e-01 5.849900722503662109e+00 -6.277921795845031738e-01 6.254608631134033203e-01 8.840842843055725098e-01
6.500310450792312622e-02 1.468863687478005886e-03 -5.162204504013061523e-01 1.696451604366302490e-01 -1.637506037950515747e-01 -1.741579413414001465e+00
-1.237761881202459335e-02 4.652201756834983826e-02 -1.142335534095764160e-01 1.318395733833312988e-01 4.621235430240631104e-01 1.327025443315505981e-01
3.706799075007438660e-02 -5.010862834751605988e-03 -4.566521048545837402e-01 3.849551677703857422e-01 -4.474388659000396729e-01 -2.352734088897705078e+00
-2.366209775209426880e-02 3.215286508202552795e-02 -4.627326503396034241e-02 -3.787506520748138428e-01 -1.064520776271820068e-01 2.291575074195861816e-02
3.291779011487960815e-02 -2.039821632206439972e-02 -1.541638225317001343e-01 5.461829900741577148e-01 -5.209945887327194214e-02 -1.618553698062896729e-01
-1.047875266522169113e-02 1.315771229565143585e-02 1.055496037006378174e-01 -1.429840177297592163e-01 2.632410079240798950e-02 3.800374269485473633e-01
-6.445060018450021744e-03 -3.124355152249336243e-02 -2.781232297420501709e-01 1.332650482654571533e-01 1.357365697622299194e-01 -1.404402256011962891e-01
-3.774034604430198669e-02 -1.353791058063507080e-01 6.476063281297683716e-02 -3.847865462303161621e-01 6.375127434730529785e-01 1.125187635421752930e+00
6.305117607116699219e-01 -4.422450959682464600e-01 -7.306385785341262817e-02 -9.729115664958953857e-02 4.147255793213844299e-02 -9.980313479900360107e-02
1.838121712207794189e-01 5.216931924223899841e-02 -4.116779267787933350e-01 4.398827552795410156e-01 -2.022533714771270752e-01 1.009944200515747070e+00
-4.160453081130981445e-01 -9.404982626438140869e-02 -1.344379335641860962e-01 6.407034993171691895e-01 -3.764520287513732910e-01 -3.779978677630424500e-02
-3.881251066923141479e-02 -9.687057882547378540e-02 4.814792871475219727e-01 -3.472725152969360352e-01 1.324439644813537598e-01 3.046967983245849609e-01
-4.290827736258506775e-02 6.214003544300794601e-03 3.179216384887695312e-02 5.720521882176399231e-02 8.595949411392211914e-02 6.374983787536621094e-01
-2.053705975413322449e-02 -1.832883618772029877e-02 9.463375806808471680e-02 1.539307236671447754e-01 1.549298912286758423e-01 1.202689409255981445e+00
1.856549084186553955e-01 -3.244934380054473877e-01 -4.131274670362472534e-02 -1.423885487020015717e-02 -6.822012364864349365e-02 -7.791825383901596069e-02
-2.243566326797008514e-02 -1.869614422321319580e-02 1.824999302625656128e-01 -1.087850928306579590e-01 -6.381233930587768555e-01 -1.690799146890640259e-01
4.182320553809404373e-03 2.531042136251926422e-02 -2.315886616706848145e-01 2.267715483903884888e-01 -1.300638765096664429e-01 -5.213356018066406250e-01
-9.020068682730197906e-03 2.592992410063743591e-02 2.517217993736267090e-01 -6.072174906730651855e-01 -2.142911404371261597e-01 3.912619501352310181e-02
-4.468541219830513000e-02 1.563711762428283691e-01 -3.673840081319212914e-03 1.899159997701644897e-01 3.955368697643280029e-01 -8.794915676116943359e-02
2.210620231926441193e-02 3.637446090579032898e-02 2.261353470385074615e-02 -2.244556546211242676e-01 -3.456430733203887939e-01 -5.420873314142227173e-02
2.045553475618362427e-01 -6.225579883903264999e-03 5.869905352592468262e-01 -2.806895375251770020e-01 6.244228035211563110e-02 -6.824079155921936035e-02
2.587697654962539673e-02 1.096556633710861206e-01 -3.827497065067291260e-01 9.760279059410095215e-01 1.265809655189514160e+00 3.746132850646972656e-01
-3.573820367455482483e-02 2.296723239123821259e-02 -3.988936841487884521e-01 4.453420937061309814e-01 1.677208304405212402e+00 2.432423681020736694e-01
-4.730788990855216980e-02 4.157553613185882568e-02 4.834091067314147949e-01 -2.003041356801986694e-01 8.451471477746963501e-02 3.524781465530395508e-01
1.702561676502227783e-01 -7.795984297990798950e-02 -9.946082532405853271e-02 2.433388978242874146e-01 3.870781362056732178e-01 1.571592688560485840e-01
-1.002920791506767273e-01 5.026186630129814148e-02 6.762780994176864624e-02 -1.497909724712371826e-01 2.482622265815734863e-01 3.400383293628692627e-01
6.054581608623266220e-03 -4.016939084976911545e-03 2.196395844221115112e-01 -1.526503562927246094e-01 -5.808914303779602051e-01 -1.885357946157455444e-01
-8.894781582057476044e-03 -9.861310943961143494e-03 3.963947668671607971e-02 4.789092242717742920e-01 -4.550482630729675293e-01 2.002792507410049438e-01
8.990526199340820312e-03 1.718902727589011192e-03 -1.494817435741424561e-01 1.829787641763687134e-01 2.486426979303359985e-01 1.793641895055770874e-01
-3.365163505077362061e-02 -9.773188270628452301e-03 1.165332719683647156e-01 -7.261832803487777710e-02 -2.817844748497009277e-01 2.241400480270385742e-01
2.840133383870124817e-02 1.618233621120452881e-01 1.828134655952453613e-01 -1.072167456150054932e-01 -2.308802008628845215e-01 -2.697120010852813721e-01
-7.837261259555816650e-02 -4.138284921646118164e-02 5.760604143142700195e-01 -4.103015661239624023e-01 -9.374562501907348633e-01 -1.639645546674728394e-01
-1.010943669825792313e-02 -1.685766689479351044e-02 5.381704494357109070e-02 -2.548711597919464111e-01 2.176254391670227051e-01 7.181658744812011719e-01
2.769402461126446724e-03 1.325053628534078598e-02 -2.590371668338775635e-01 3.227833807468414307e-01 2.141591072082519531e+00 3.286419808864593506e-01
4.694944247603416443e-03 2.333112619817256927e-02 -8.571857959032058716e-02 -9.760560095310211182e-02 -1.341159939765930176e-01 -3.651400506496429443e-01
4.642182588577270508e-02 7.396253198385238647e-02 5.096759796142578125e-01 -3.560257554054260254e-01 -7.247947454452514648e-01 -1.505213975906372070e-01
8.221374452114105225e-02 -2.840213850140571594e-02 -7.608303427696228027e-01 2.555084824562072754e-01 -3.400166034698486328e-01 -8.324405550956726074e-01
1.158644258975982666e-01 1.846316605806350708e-01 -1.995122134685516357e-01 -1.902747869491577148e+00 -2.367829084396362305e-01 -1.618275940418243408e-01
5.329934880137443542e-02 5.954922176897525787e-03 -3.443455398082733154e-01 1.513385921716690063e-01 3.830446302890777588e-02 -4.854767322540283203e-01
1.860863342881202698e-02 -9.044447913765907288e-03 3.547301292419433594e-01 -2.099752724170684814e-01 -2.551932930946350098e-01 -1.265807598829269409e-01
-2.446913905441761017e-02 1.534433662891387939e-02 1.128283422440290451e-02 -9.366349875926971436e-02 -3.311372995376586914e-01 -2.434312701225280762e-01
3.433053195476531982e-02 1.121072284877300262e-02 3.274816572666168213e-01 -1.073536053299903870e-01 -1.655590087175369263e-01 -3.135341703891754150e-01
-3.758492413908243179e-03 -7.306532561779022217e-02 -7.111335545778274536e-02 1.165885254740715027e-01 -1.274501997977495193e-02 -2.513177990913391113e-01
-1.608095914125442505e-01 2.477793395519256592e-01 1.863454580307006836e-01 3.681114912033081055e+00 -7.706692814826965332e-01 1.219984740018844604e-01
1.801757887005805969e-02 2.663787454366683960e-03 -3.437426686286926270e-02 1.461404412984848022e-01 -2.517865598201751709e-01 -5.680604577064514160e-01
2.464317530393600464e-01 3.958015441894531250e-01 7.384961128234863281e+00 -6.650341749191284180e-01 -8.556247353553771973e-01 2.403843849897384644e-01
-2.839002609252929688e-01 -1.003383696079254150e-01 2.322463989257812500e-01 2.565247416496276855e-01 -4.202896952629089355e-01 5.822269320487976074e-01
5.392380803823471069e-02 4.084392637014389038e-02 -4.308182597160339355e-01 1.728393696248531342e-02 1.156852766871452332e-01 -1.686878353357315063e-01
2.328099450096487999e-03 -5.256734788417816162e-02 1.961437612771987915e-01 -1.784272491931915283e-01 -9.498285502195358276e-02 7.835994362831115723e-01
-1.172000244259834290e-01 1.441712398082017899e-02 -3.099924325942993164e-01 1.775495290756225586e+00 -7.396256923675537109e-01 2.547242641448974609e+00
-6.963747739791870117e-01 3.249348104000091553e-01 4.503221716731786728e-03 -7.204490713775157928e-03 4.700209945440292358e-02 -2.175428345799446106e-02
-1.633315905928611755e-02 -3.102671168744564056e-02 -1.981778293848037720e-01 1.368737578392028809e+00 1.453979015350341797e-01 -5.670827031135559082e-01
8.824778720736503601e-03 5.604034289717674255e-02 4.778228104114532471e-01 -2.418642193078994751e-01 2.686986029148101807e-01 2.664050161838531494e-01
1.830112040042877197e-01 -3.862736821174621582e-01 3.732135891914367676e-01 1.875682920217514038e-01 -1.486330479383468628e-01 1.880846858024597168e+00
-9.891225025057792664e-03 5.393243581056594849e-02 -3.694961071014404297e-01 3.589272499084472656e-01 1.728349626064300537e-01 5.667994171380996704e-02
-1.074946299195289612e-01 -4.553997814655303955e-01 -5.875205397605895996e-01 -9.340359270572662354e-02 -6.374975442886352539e-01 3.194796741008758545e-01
-7.239259034395217896e-02 3.460238128900527954e-02 -4.929663240909576416e-02 6.174375414848327637e-01 2.171243727207183838e-01 1.535384058952331543e-01
-1.351498365402221680e-01 -5.537173524498939514e-02 -4.692327603697776794e-02 8.270838856697082520e-01 -1.918889135122299194e-01 -5.612178444862365723e-01
3.941933158785104752e-03 1.098894141614437103e-02 -1.017937585711479187e-01 4.808831214904785156e-01 1.104914620518684387e-01 1.551313251256942749e-01
-9.038761258125305176e-02 -3.748208284378051758e-02 6.385895609855651855e-01 -1.709485948085784912e-01 -1.121047809720039368e-01 1.034023642539978027e+00
1.705943979322910309e-02 2.207428216934204102e-02 4.094035625457763672e-01 -3.712198734283447266e-01 2.441057562828063965e-02 -7.738143205642700195e-02
-3.152376040816307068e-02 1.386577636003494263e-01 -1.838909536600112915e-01 -6.840410083532333374e-02 -5.304411426186561584e-02 -4.554030299186706543e-01
-3.348746895790100098e-02 1.198419928550720215e-01 -1.863176077604293823e-01 4.506750106811523438e-01 6.499544531106948853e-02 3.241518437862396240e-01
1.075646057724952698e-01 -2.319040596485137939e-01 1.145415067672729492e+00 3.494043827056884766e+00 -3.346900939941406250e-01 5.467690825462341309e-01
-2.195082791149616241e-02 -6.066178530454635620e-02 4.629041850566864014e-01 -6.978522539138793945e-01 3.804792165756225586e-01 1.809811830520629883e+00
5.787174403667449951e-02 -2.485079877078533173e-02 -1.226125881075859070e-01 2.263591289520263672e-01 -3.826161623001098633e-01 -8.817099928855895996e-01
-2.383182197809219360e-02 -8.482738584280014038e-02 7.879086732864379883e-01 -1.076013207435607910e+00 2.314828187227249146e-01 1.064627289772033691e+00
8.004376664757728577e-03 -4.825206100940704346e-02 -3.113226778805255890e-02 3.244956210255622864e-02 -2.482917532324790955e-02 -7.625970840454101562e-01
2.501323446631431580e-02 -3.728256747126579285e-02 -1.328233396634459496e-03 -5.920479819178581238e-02 3.009691536426544189e-01 7.026575505733489990e-02
1.578032597899436951e-02 -6.437553465366363525e-02 -4.770585894584655762e-02 7.310307770967483521e-02 8.104378581047058105e-01 -2.631243169307708740e-01
-2.121645584702491760e-02 -1.052734479308128357e-01 -1.147525012493133545e-01 6.614762544631958008e-01 -1.149499654769897461e+00 4.281223416328430176e-01
-7.635585963726043701e-03 9.272595494985580444e-02 1.957441866397857666e-01 2.087861448526382446e-01 -1.484198272228240967e-01 -1.285136938095092773e-01
1.137326478958129883e+00 -1.208410501480102539e+00 -1.302894204854965210e-01 -1.867777407169342041e-01 6.972623616456985474e-02 2.823697635903954506e-03
-4.895160719752311707e-02 -2.373602241277694702e-02 -4.313192889094352722e-02 -3.930024337023496628e-03 -4.540766179561614990e-01 1.759251505136489868e-01
1.343343034386634827e-02 -6.353811919689178467e-02 -2.658780097961425781e+00 6.835418939590454102e-01 -6.007938385009765625e-01 -1.153395175933837891e+00
1.488146930932998657e-01 9.316638112068176270e-02 -2.542556822299957275e-01 1.269409209489822388e-01 -1.249328553676605225e-01 -8.056432008743286133e-01
4.387069866061210632e-02 -1.641049981117248535e-02 -2.487498819828033447e-01 3.042227029800415039e-01 2.107912898063659668e-01 1.229322403669357300e-01
1.144072264432907104e-01 -6.068992242217063904e-02 -1.704262346029281616e-01 1.449998021125793457e-01 6.539912819862365723e-01 1.544912904500961304e-01
-3.213474899530410767e-02 3.901966847479343414e-03 -3.016635477542877197e-01 2.027619332075119019e-01 -1.171123702079057693e-02 -1.438185274600982666e-01
4.977414384484291077e-02 -9.963965043425559998e-03 -2.043550759553909302e-01 2.349407821893692017e-01 5.023275613784790039e-01 2.036574482917785645e-01
-1.172851696610450745e-01 3.233597055077552795e-02 2.786825597286224365e-01 -5.364889502525329590e-01 1.077616691589355469e+00 1.006553053855895996e+00
-2.465740963816642761e-02 -7.352494634687900543e-03 -2.819444239139556885e-01 1.034157127141952515e-01 -2.826141938567161560e-02 -4.042479023337364197e-02
1.905945092439651489e-01 -1.975066959857940674e-02 1.260882496833801270e+00 -1.093050718307495117e+00 3.256831765174865723e-01 1.766214609146118164e+00
-4.079308733344078064e-02 1.256673783063888550e-02 -3.979217410087585449e-01 -1.804165124893188477e+00 -6.427943110466003418e-01 -7.455614209175109863e-02
1.515919715166091919e-01 1.478820145130157471e-01 -3.227553367614746094e-01 -2.476989477872848511e-01 -1.148798227310180664e+00 -1.807855844497680664e+00
1.239437051117420197e-02 -6.095272023230791092e-03 -4.999602138996124268e-01 1.919218003749847412e-01 -4.903488978743553162e-02 -2.303892076015472412e-01
1.709502190351486206e-02 -1.119576487690210342e-02 -3.000999093055725098e-01 3.952294960618019104e-02 2.759714424610137939e-01 1.341896653175354004e-01
1.549896039068698883e-02 -5.917097441852092743e-03 -2.166769951581954956e-01 2.918803393840789795e-01 -1.120853722095489502e-01 2.261462807655334473e-01
-6.850541383028030396e-02 -2.084537036716938019e-02 1.147577315568923950e-01 -3.469874262809753418e-01 3.056207895278930664e-01 7.921804189682006836e-01
8.330247364938259125e-03 5.744447186589241028e-02 -2.071031741797924042e-02 1.592213809490203857e-01 5.585650205612182617e-01 5.776115655899047852e-01
-3.705321624875068665e-02 -1.562275551259517670e-02 2.337087839841842651e-01 -1.848123222589492798e-01 1.111241709440946579e-02 3.805175721645355225e-01
-1.023033633828163147e-02 1.645372062921524048e-01 6.684809923171997070e-01 -2.886622250080108643e-01 -1.646783053874969482e-01 2.506124377250671387e-01
-1.363905072212219238e-01 -3.271498158574104309e-02 -1.820008903741836548e-01 4.655348062515258789e-01 -3.613230288028717041e-01 -6.097166985273361206e-02
4.092529416084289551e-02 -6.586099043488502502e-03 -4.858740568161010742e-01 -1.308507099747657776e-02 -6.418396532535552979e-02 -2.742058336734771729e-01
5.324193462729454041e-02 1.354312151670455933e-01 -4.668255150318145752e-02 3.500336110591888428e-01 1.526136994361877441e+00 8.003292605280876160e-03
2.553089521825313568e-02 -2.857612445950508118e-02 -9.192954003810882568e-02 2.217966914176940918e-01 -1.283567696809768677e-01 -4.970225691795349121e-01
-3.783974051475524902e-01 6.306946873664855957e-01 1.528136581182479858e-01 5.544668808579444885e-02 -1.008181422948837280e-01 8.733521401882171631e-02
-5.540233477950096130e-02 2.059897221624851227e-02 6.448056697845458984e-01 -1.673144251108169556e-01 -8.900285363197326660e-01 -1.329221427440643311e-01
-1.493979524821043015e-02 1.518025435507297516e-02 2.227691560983657837e-02 -3.135972470045089722e-02 3.360781073570251465e-01 -5.413251519203186035e-01
5.586623400449752808e-02 4.822600260376930237e-02 1.453316956758499146e-01 -2.311222851276397705e-01 3.351738154888153076e-01 2.886967360973358154e-01
2.321823267266154289e-04 1.191548537462949753e-02 -1.623556911945343018e-01 2.239162921905517578e-01 3.841879367828369141e-01 3.020796691998839378e-03
3.644666448235511780e-02 -5.302340537309646606e-02 -4.156491160392761230e-02 -1.905112415552139282e-01 -6.533919572830200195e-01 -9.503141045570373535e-01
-1.016424447298049927e-01 -1.257270872592926025e-01 -2.675830721855163574e-01 5.577883124351501465e-01 -5.887845996767282486e-03 8.832594007253646851e-02
3.940794616937637329e-03 2.736269123852252960e-02 -1.088935602456331253e-02 -1.049976110458374023e+00 -7.625443488359451294e-02 1.049265861511230469e-01
5.680538713932037354e-02 -8.119583129882812500e-02 -1.139982938766479492e-01 2.813512384891510010e-01 4.494049549102783203e-01 2.056109011173248291e-01
6.539405323565006256e-03 -1.194329336285591125e-01 1.065897792577743530e-01 1.871363818645477295e-01 5.898159742355346680e-01 2.990899980068206787e-01
4.543033614754676819e-02 -4.588099569082260132e-02 -1.330053992569446564e-02 -1.668502576649188995e-02 -2.297405898571014404e-01 -5.675963163375854492e-01
7.462573796510696411e-02 9.910620748996734619e-02 2.737037837505340576e-01 -8.796518296003341675e-02 4.961329996585845947e-01 -2.849843800067901611e-01
-1.690486222505569458e-01 6.251102685928344727e-01 -8.165929466485977173e-02 1.231612358242273331e-02 2.471774220466613770e-01 5.091948062181472778e-02
-4.687720909714698792e-03 2.156115882098674774e-02 -3.479323089122772217e-01 4.990066289901733398e-01 1.952343434095382690e-01 -2.419975101947784424e-01
4.761727526783943176e-03 -4.662873223423957825e-02 1.805242151021957397e-01 -2.010821998119354248e-01 -5.607482790946960449e-01 -7.382964342832565308e-02
-3.898274619132280350e-03 1.245664525777101517e-02 -3.077207505702972412e-01 1.972756832838058472e-01 1.999159902334213257e-01 5.263517424464225769e-02
1.471839100122451782e-02 -5.686818156391382217e-03 -6.258279830217361450e-02 4.186392202973365784e-02 3.565009534358978271e-01 1.373262256383895874e-01
-6.891180574893951416e-02 1.187964230775833130e-01 4.789755642414093018e-01 -3.363358676433563232e-01 -5.232854560017585754e-02 1.931656002998352051e-01
-2.111471816897392273e-02 2.374061755836009979e-02 3.859152272343635559e-02 -1.084616482257843018e-01 5.787121057510375977e-01 1.147143319249153137e-01
1.424068119376897812e-02 4.483417049050331116e-02 -6.428340077400207520e-02 -2.812657058238983154e-01 3.149913549423217773e-01 1.619529277086257935e-01
1.223979219794273376e-01 8.263791352510452271e-02 2.641073465347290039e+00 -1.099198609590530396e-01 4.666055738925933838e-02 -3.095140159130096436e-01
2.383642829954624176e-02 -4.715565592050552368e-02 -3.318221569061279297e-01 3.170620799064636230e-01 -1.997706741094589233e-01 -6.250776052474975586e-01
-7.640012353658676147e-02 6.996730715036392212e-02 5.411299467086791992e-01 8.462397009134292603e-02 2.967775464057922363e-01 2.200458765029907227e+00
3.127011936157941818e-03 -1.488034334033727646e-02 -3.446806967258453369e-01 9.853430092334747314e-03 -9.900680743157863617e-03 -2.177278548479080200e-01
1.800825893878936768e-01 4.461162537336349487e-02 1.745358258485794067e-01 -4.253324508666992188e+00 -6.090754866600036621e-01 1.122344017028808594e+00
2.168416827917098999e-01 -1.537020802497863770e-01 -4.615547880530357361e-02 1.317030787467956543e-01 -3.877353072166442871e-01 -1.264765560626983643e-01
5.456584319472312927e-02 -1.743239001370966434e-03 -5.662649869918823242e-01 1.622891873121261597e-01 3.733808994293212891e-01 4.231037199497222900e-01
1.256653666496276855e-01 -4.573331400752067566e-02 -2.026234194636344910e-02 1.061620265245437622e-01 -4.457563161849975586e-01 9.055295586585998535e-02
-1.073144972324371338e-01 -3.205223008990287781e-02 7.933708429336547852e-01 -5.862262248992919922e-01 -2.105995178222656250e+00 -3.319990932941436768e-01
3.215486407279968262e-01 -2.221670448780059814e-01 -3.853737190365791321e-02 4.157294332981109619e-02 -3.070791065692901611e-02 8.433292061090469360e-02
3.577473759651184082e-02 4.011509940028190613e-02 7.035113871097564697e-02 -5.898184776306152344e-01 4.121247306466102600e-02 5.025333538651466370e-02
7.851149886846542358e-03 1.260762568563222885e-02 7.913610339164733887e-02 -1.302581578493118286e-01 -2.166759371757507324e-01 -1.288969516754150391e-01
3.579731658101081848e-02 -1.959897764027118683e-02 -3.734495937824249268e-01 3.202917575836181641e-01 5.875597596168518066e-01 1.704994738101959229e-01
-2.294844537973403931e-01 4.523200988769531250e-01 1.763096079230308533e-02 3.259395435452461243e-02 2.312310785055160522e-02 5.402764305472373962e-02
-1.297466903924942017e-01 1.245776861906051636e-01 2.346635013818740845e-01 4.355361163616180420e-01 -1.758195906877517700e-01 3.057291507720947266e-01
-1.973109506070613861e-02 3.519761189818382263e-02 -1.872459650039672852e-01 3.754269778728485107e-01 -1.952638477087020874e-01 -2.752598226070404053e-01
-6.661061197519302368e-02 4.950003921985626221e-01 7.279289245605468750e+00 -7.141951918601989746e-01 4.645437598228454590e-01 5.111418366432189941e-01
-2.290210276842117310e-01 4.296356067061424255e-02 -2.213952988386154175e-01 9.499701857566833496e-01 1.358645856380462646e-01 -1.078052163124084473e+00
6.235066801309585571e-02 -8.002624846994876862e-03 -2.830595374107360840e-01 1.660507321357727051e-01 5.341391637921333313e-02 -3.111983090639114380e-02
-1.143516739830374718e-03 1.611431688070297241e-02 3.730813860893249512e-01 -1.662893891334533691e-01 1.431746184825897217e-01 6.003166437149047852e-01
6.699554156512022018e-03 -9.524063207209110260e-03 1.855338066816329956e-01 -2.354475110769271851e-01 -1.213898435235023499e-01 3.421536684036254883e-01
-4.901780560612678528e-02 -2.981084883213043213e-01 2.686373949050903320e+00 -1.200229451060295105e-01 -3.284132242202758789e+00 -1.367090791463851929e-01
-2.306750603020191193e-02 -1.699853129684925079e-02 2.796040177345275879e-01 -4.786251485347747803e-02 -5.151361823081970215e-01 -1.698155701160430908e-01
6.529081612825393677e-02 3.453246504068374634e-02 -5.081560015678405762e-01 2.478035241365432739e-01 -1.675985753536224365e-01 -1.958683848381042480e+00
9.270463138818740845e-03 -2.961565740406513214e-02 -4.433967173099517822e-02 -5.509955808520317078e-02 -4.622801020741462708e-02 4.395808875560760498e-01
5.742923822253942490e-03 3.075924515724182129e-02 1.132832169532775879e-01 -2.802617549896240234e-01 1.005640104413032532e-01 2.388287782669067383e-01
-4.287157207727432251e-02 1.407445967197418213e-01 -2.529318034648895264e-01 1.145117543637752533e-02 -1.616649776697158813e-01 -7.388242334127426147e-02
1.778478547930717468e-02 -8.806318975985050201e-03 2.068043231964111328e+00 -5.764995217323303223e-01 -1.825339913368225098e+00 -9.696858525276184082e-01
-3.538374230265617371e-02 8.972992189228534698e-03 -4.617696702480316162e-01 6.376987695693969727e-01 -1.380288243293762207e+00 -3.296042606234550476e-02
-1.200342550873756409e-01 6.440884619951248169e-02 1.202431395649909973e-01 3.040772378444671631e-01 7.102743536233901978e-02 1.929398626089096069e-01
-6.028657779097557068e-02 -3.198590874671936035e-02 2.760421633720397949e-01 -1.896176338195800781e-01 -1.565353155136108398e+00 -3.325980529189109802e-02
4.541361704468727112e-02 -1.584784537553787231e-01 3.726896047592163086e-01 5.192162469029426575e-02 2.401303648948669434e-01 -1.021789461374282837e-01
-6.535139866173267365e-03 -4.662744700908660889e-02 -3.121628761291503906e-01 -6.800023466348648071e-02 4.677129164338111877e-02 1.146985054016113281e+00
-4.755159467458724976e-02 7.065744721330702305e-04 -1.262728720903396606e-01 -1.501687169075012207e-01 1.675645560026168823e-01 2.921655476093292236e-01
5.439091101288795471e-02 2.140500955283641815e-02 -2.665875256061553955e-01 2.971157431602478027e-01 5.854371190071105957e-01 1.239400058984756470e-01
6.232318654656410217e-02 -1.126200631260871887e-01 -1.637272834777832031e-01 2.190911918878555298e-01 2.754015326499938965e-01 2.944285869598388672e-01
-1.258697081357240677e-02 -7.198911905288696289e-02 -2.740672528743743896e-01 4.119789898395538330e-01 2.044351100921630859e-01 -1.500690355896949768e-02
3.907565772533416748e-01 -3.074334859848022461e-01 5.076573695987462997e-03 -5.335988849401473999e-02 -4.370293393731117249e-02 -3.303413838148117065e-02
-8.554851636290550232e-03 4.048103839159011841e-02 -2.865121066570281982e-01 2.013983279466629028e-01 4.230484962463378906e-01 5.315879359841346741e-02
4.939630031585693359e-01 -3.346691727638244629e-01 2.988055348396301270e-02 8.489587903022766113e-02 -1.495310664176940918e-01 -2.025050856173038483e-02
3.744044573977589607e-03 -2.820792980492115021e-02 -3.333331346511840820e-01 -1.671986468136310577e-02 -5.839896202087402344e-01 -9.302192330360412598e-01
-8.224380612373352051e-01 5.580635666847229004e-01 -8.319608867168426514e-03 -4.774405062198638916e-02 9.158970415592193604e-02 3.939241543412208557e-02
1.008152216672897339e-01 6.630787998437881470e-02 -4.439630210399627686e-01 3.640365898609161377e-01 -3.680338263511657715e-01 -1.265190720558166504e+00
-2.929238043725490570e-02 -3.123717941343784332e-02 -2.203800231218338013e-01 2.093725204467773438e-01 5.030182600021362305e-01 6.119445338845252991e-02
1.444383114576339722e-01 3.257244229316711426e-01 2.042203903198242188e+00 -2.624446749687194824e-01 -2.772925794124603271e-01 -8.166086077690124512e-01
-1.350882835686206818e-02 1.209089905023574829e-02 -1.464817821979522705e-01 2.946536839008331299e-01 2.303632674738764763e-03 -2.022433280944824219e-02
6.391405314207077026e-02 5.861575528979301453e-02 -4.197354018688201904e-01 2.197206020355224609e-01 4.753352105617523193e-01 1.130061373114585876e-01
-6.386111490428447723e-04 5.369988456368446350e-02 3.071162402629852295e-01 6.463842093944549561e-02 8.506765961647033691e-02 -9.635795354843139648e-01
4.077099561691284180e-01 -5.488964915275573730e-01 -4.713290184736251831e-02 -6.892501562833786011e-02 6.032761186361312866e-02 -8.329108357429504395e-02
-2.940884828567504883e-01 2.215542495250701904e-01 -6.195374298840761185e-03 -1.701848208904266357e-02 -4.508499801158905029e-02 2.757020993158221245e-03
7.948312908411026001e-02 1.893890202045440674e-01 -2.807239592075347900e-01 5.933635234832763672e-01 -3.328843712806701660e-01 -2.794123172760009766e+00
8.678316324949264526e-02 -8.884633891284465790e-03 -1.646150946617126465e-01 7.924799323081970215e-01 -1.626733094453811646e-01 -7.933338880538940430e-01
-1.366239786148071289e-01 8.973761647939682007e-02 -1.159062311053276062e-01 7.702301442623138428e-02 -2.030248641967773438e-01 3.641138374805450439e-01
-7.772632688283920288e-02 7.153337448835372925e-02 5.808668136596679688e-01 -2.550955712795257568e-01 -4.289825260639190674e-01 -2.126150578260421753e-01
-2.859924137592315674e-01 4.952093660831451416e-01 1.434401609003543854e-02 4.543272778391838074e-02 -5.360104888677597046e-02 5.126645416021347046e-02
6.210003048181533813e-02 -1.720131486654281616e-01 -4.966061562299728394e-02 3.310978412628173828e-01 7.722687125205993652e-01 -4.275471344590187073e-02
2.357013896107673645e-02 2.051343955099582672e-02 1.117812544107437134e-01 -1.733156442642211914e-01 1.653600633144378662e-01 6.876084804534912109e-01
8.667240291833877563e-02 -5.291734933853149414e-01 -1.463849067687988281e+00 7.069320201873779297e+00 6.485917568206787109e-01 -5.784354209899902344e-01
5.520942807197570801e-02 2.913022041320800781e-01 -2.552905678749084473e-01 2.477752685546875000e+00 1.216023802757263184e+00 -3.446204662322998047e-01
2.878279611468315125e-02 1.560491882264614105e-02 2.764980196952819824e-01 -3.930045068264007568e-01 5.161935687065124512e-01 1.678556352853775024e-01
2.350094914436340332e-02 -1.866072714328765869e-01 -1.500626921653747559e+00 2.256075620651245117e+00 -3.659573793411254883e-01 -2.460608243942260742e+00
5.684251338243484497e-02 -1.931195333600044250e-02 2.734718024730682373e-01 -9.366388618946075439e-02 -1.240035984665155411e-02 -3.187045454978942871e-01
-4.796417057514190674e-02 -3.921970725059509277e-02 5.606934547424316406e+00 -4.992100000381469727e-01 -3.197060823440551758e-01 4.180989861488342285e-01
-5.677527561783790588e-02 1.102221943438053131e-02 3.704817891120910645e-01 -1.941597163677215576e-01 -2.311361581087112427e-01 -1.644166558980941772e-01
-8.991181105375289917e-02 7.737035304307937622e-02 3.310644328594207764e-01 -4.772098660469055176e-01 -2.878356277942657471e-01 -1.185055613517761230e+00
5.438883304595947266e-01 -1.009478196501731873e-01 8.297973126173019409e-02 1.611381620168685913e-01 1.744656413793563843e-01 4.831295832991600037e-02
1.451680716127157211e-02 -3.835656866431236267e-02 1.415316164493560791e-01 -2.372240126132965088e-01 3.526672720909118652e-02 2.632588446140289307e-01
1.575486361980438232e-02 -9.764879941940307617e-03 5.575871840119361877e-02 3.804562091827392578e-01 -7.863228321075439453e-01 -1.504331976175308228e-01
3.649078682065010071e-02 -4.352180287241935730e-02 -3.052567541599273682e-01 1.074862033128738403e-01 3.571844100952148438e-01 -2.118837982416152954e-01
1.337343603372573853e-01 -6.152333691716194153e-02 -8.439649641513824463e-02 2.168995887041091919e-02 4.690033495426177979e-01 2.161663621664047241e-01
7.944446802139282227e-02 6.438413169234991074e-03 -1.247137039899826050e-01 4.700389802455902100e-01 -1.801518946886062622e-01 -4.687888622283935547e-01
2.520960941910743713e-02 -4.862190783023834229e-02 -1.100950911641120911e-01 5.859184265136718750e-01 1.189854890108108521e-01 2.347844243049621582e-01
-9.728142991662025452e-03 -2.020373642444610596e-01 3.489896655082702637e-01 -1.199176460504531860e-01 2.457425370812416077e-02 1.242800131440162659e-01
-1.008567512035369873e-01 1.258116099052131176e-03 6.212201118469238281e-01 3.455860316753387451e-01 3.102166354656219482e-01 -2.078378349542617798e-01
2.184538096189498901e-01 2.251754701137542725e-01 4.389051437377929688e+00 9.202422201633453369e-02 -4.902877509593963623e-01 4.533638358116149902e-01
-1.410217285156250000e-01 4.856476187705993652e-02 5.435433983802795410e-01 -2.692788243293762207e-01 1.489665150642395020e+00 -2.658943235874176025e-01
-3.502221545204520226e-03 2.127323113381862640e-02 3.038457632064819336e-01 -1.575891971588134766e-01 -1.122901812195777893e-01 1.123749539256095886e-01
-1.450836658477783203e-01 -9.072597324848175049e-02 -2.088814973831176758e+00 5.432894825935363770e-01 -1.810105703771114349e-02 -1.126713395118713379e+00
1.456942129880189896e-02 2.425255253911018372e-03 -1.582952886819839478e-01 1.730753630399703979e-01 -1.246771886944770813e-01 -2.236209064722061157e-01
6.946249306201934814e-02 -2.027845010161399841e-02 -2.906128764152526855e-01 6.476232409477233887e-02 6.109288334846496582e-01 8.760954141616821289e-01
1.288844645023345947e-01 1.118390038609504700e-01 3.802381753921508789e+00 -1.053613424301147461e+00 2.465866506099700928e-01 4.119671821594238281e+00
-1.426727920770645142e-01 -3.385042026638984680e-02 1.098253726959228516e-01 1.138750314712524414e-01 -8.961215019226074219e-01 -3.224682807922363281e-01
2.173346839845180511e-02 3.024846315383911133e-02 1.683013141155242920e-01 -1.034500226378440857e-01 3.944782316684722900e-01 7.654408812522888184e-01
-1.546575874090194702e-01 4.173342287540435791e-01 7.541387081146240234e-01 -3.073427677154541016e-01 1.613159924745559692e-01 8.519954085350036621e-01
1.689740121364593506e-01 -3.836898207664489746e-01 1.775067485868930817e-02 -6.918147206306457520e-02 -1.230393871665000916e-01 -8.525381796061992645e-03
2.036920636892318726e-01 -6.860364675521850586e-01 -2.982854843139648438e-02 7.442535366863012314e-03 7.725375890731811523e-02 1.220101211220026016e-02
-1.422348339110612869e-02 -2.392891561612486839e-03 1.126063093543052673e-01 -3.430549800395965576e-02 -2.364281117916107178e-01 -9.072294831275939941e-02
-6.532075256109237671e-02 -3.507615923881530762e-01 1.715656042098999023e+00 -2.447069883346557617e-01 5.706979036331176758e-01 3.320036172866821289e+00
6.278903782367706299e-02 -4.764799028635025024e-02 4.261578619480133057e-01 -2.124100327491760254e-01 1.603775918483734131e-01 2.175094932317733765e-01
-2.848592773079872131e-02 4.190606996417045593e-02 3.592675030231475830e-01 -4.363914430141448975e-01 4.235289990901947021e-02 9.923440217971801758e-01
-2.125302888453006744e-02 -6.119735189713537693e-04 2.947015762329101562e-01 -1.926110684871673584e-01 -3.642120957374572754e-01 -2.234470471739768982e-02
-9.859122335910797119e-03 -5.233214050531387329e-02 -2.037096917629241943e-01 4.072551131248474121e-01 6.442971527576446533e-02 4.679322242736816406e-01
-3.185427561402320862e-02 9.388851374387741089e-02 -1.799994856119155884e-01 2.887138128280639648e-01 -2.790380641818046570e-02 -1.736334562301635742e-01
-4.314188361167907715e-01 5.003255605697631836e-01 -1.152195874601602554e-02 -2.438999339938163757e-02 -6.091638281941413879e-02 -2.308041090145707130e-03
4.658373072743415833e-02 -2.919268310070037842e-01 -5.138413980603218079e-02 7.967277169227600098e-01 2.121592015027999878e-01 -1.849065274000167847e-01
-3.508923575282096863e-02 -3.814406925812363625e-03 4.698377847671508789e-01 -3.974224925041198730e-01 3.485887125134468079e-02 5.070816278457641602e-01
1.032554777339100838e-03 9.720541536808013916e-02 3.141601979732513428e-01 8.773890137672424316e-02 -1.223006606101989746e+00 2.397547513246536255e-01
2.036789990961551666e-02 -2.780459262430667877e-02 2.859947383403778076e-01 -2.915634810924530029e-01 -2.117269486188888550e-01 -2.363884076476097107e-02
-1.979592256247997284e-02 -9.404602646827697754e-02 -4.160867631435394287e-01 -7.117428779602050781e-01 3.117580898106098175e-02 -2.243287265300750732e-01
-5.389942973852157593e-02 -6.897822022438049316e-02 -3.069445788860321045e-01 2.940573990345001221e-01 3.563668206334114075e-02 -2.197039842605590820e+00
5.944567266851663589e-03 -8.452278561890125275e-03 -6.242165807634592056e-03 3.096968531608581543e-01 -1.696905307471752167e-02 -6.465919017791748047e-01
1.169906258583068848e-01 1.850941218435764313e-02 -5.376877784729003906e-01 2.974795341491699219e+00 2.459541559219360352e+00 2.692875862121582031e-01
7.020423188805580139e-03 -1.279500219970941544e-02 5.528218671679496765e-02 -1.646839678287506104e-01 1.631795428693294525e-02 2.703024744987487793e-01
-2.898184210062026978e-02 5.062213633209466934e-03 1.977158486843109131e-01 -3.094681501388549805e-01 -3.504681289196014404e-01 -4.225840047001838684e-02
-1.180013418197631836e-01 1.106009334325790405e-01 2.694677114486694336e-01 -9.516955912113189697e-02 1.601343452930450439e-01 -2.466677874326705933e-01
-2.600173093378543854e-02 3.430884703993797302e-02 5.480951070785522461e-01 -3.071382939815521240e-01 -4.316232800483703613e-01 -6.882227212190628052e-02
-2.045514732599258423e-01 -2.540520727634429932e-01 -4.946629405021667480e-01 4.110650062561035156e+00 -6.720002293586730957e-01 7.450428605079650879e-01
-2.141334861516952515e-02 -8.352329581975936890e-02 -3.022507429122924805e-01 2.095705866813659668e-01 5.293373465538024902e-01 1.056491658091545105e-01
-5.039012059569358826e-02 -3.912539407610893250e-02 1.497538983821868896e-01 -3.478598222136497498e-02 1.247482523322105408e-01 4.617650508880615234e-01
-2.559644170105457306e-03 3.779866918921470642e-02 -6.551471948623657227e-01 3.213227987289428711e-01 1.624935150146484375e+00 3.330424427986145020e-01
-3.092410787940025330e-02 2.135165408253669739e-02 -4.654581844806671143e-02 1.782863587141036987e-01 8.580139279365539551e-01 -1.084453091025352478e-01
-1.759980767965316772e-01 -1.643320620059967041e-01 -1.018361330032348633e+00 6.405203342437744141e+00 1.222185373306274414e+00 7.457609772682189941e-01
-9.235777705907821655e-02 -3.863350674510002136e-02 -1.812660321593284607e-02 1.881749868392944336e+00 -2.055319547653198242e+00 6.440003514289855957e-01
3.863250613212585449e-01 -5.938792228698730469e-01 1.798664219677448273e-02 2.864303067326545715e-02 -1.497668307274580002e-02 3.055620193481445312e-02
5.454637408256530762e-01 -9.543722867965698242e-01 -1.121098026633262634e-01 8.969215303659439087e-02 -1.225522384047508240e-01 -1.334087252616882324e-01
1.319725532084703445e-02 -3.109945356845855713e-02 -1.023451387882232666e-01 3.248450532555580139e-02 -4.027006030082702637e-01 4.978531301021575928e-01
-4.454423859715461731e-02 9.493499062955379486e-03 1.769884973764419556e-01 -1.869620233774185181e-01 -2.613897919654846191e-01 -4.336608946323394775e-02
-1.998002827167510986e-01 -2.276032865047454834e-01 1.207301378250122070e+00 -7.363141775131225586e-01 -6.100815534591674805e-01 -1.642081327736377716e-02
6.983300298452377319e-02 1.561551541090011597e-02 4.670257866382598877e-01 -2.088069468736648560e-01 8.076374977827072144e-02 5.787535309791564941e-01
-3.812864050269126892e-02 -6.585783790796995163e-03 -1.474228352308273315e-01 1.885019987821578979e-01 4.561036229133605957e-01 7.496043574064970016e-03
-2.548403479158878326e-02 -2.496056817471981049e-02 2.992261946201324463e-01 -2.638761699199676514e-01 2.054752260446548462e-01 6.537896394729614258e-01
-4.922201856970787048e-02 -7.099659740924835205e-02 3.433838188648223877e-01 -1.476158797740936279e-01 -4.097805321216583252e-01 -1.367070823907852173e-01
3.771457076072692871e-02 3.800350008532404900e-03 2.725382894277572632e-02 -3.257321193814277649e-02 4.080117046833038330e-01 -4.185904860496520996e-01
-2.582434564828872681e-02 2.110842242836952209e-02 4.443316459655761719e-01 -1.209489703178405762e-01 2.989596128463745117e-01 9.424898028373718262e-01
-7.244094461202621460e-02 -4.111197218298912048e-02 -5.162306427955627441e-01 1.780875325202941895e-01 4.816091358661651611e-01 1.890201866626739502e-01
-3.029744513332843781e-02 -2.743398398160934448e-02 -1.587950587272644043e-01 1.644196063280105591e-01 4.219017028808593750e-01 2.142083644866943359e-01
1.421598941087722778e-01 -8.930034190416336060e-02 1.882649771869182587e-02 -3.390245139598846436e-02 3.045195713639259338e-02 -9.119834899902343750e-01
-2.413082495331764221e-02 1.185073889791965485e-02 1.671501696109771729e-01 -3.437319397926330566e-01 -4.021486937999725342e-01 -2.354761958122253418e-01
-2.321965992450714111e-02 -1.715122722089290619e-02 -4.544429853558540344e-02 3.344149291515350342e-01 2.593586444854736328e-01 -2.488682605326175690e-02
9.114163694903254509e-04 -2.749358303844928741e-03 -1.556167304515838623e-01 1.406573355197906494e-01 1.183115839958190918e+00 1.589294523000717163e-01
-1.842976808547973633e-01 7.517068088054656982e-02 2.505635023117065430e-01 -7.545027881860733032e-02 6.823161989450454712e-02 1.856958717107772827e-01
-2.296215295791625977e-02 -2.317722141742706299e-02 1.848954558372497559e-01 -1.583658158779144287e-01 -3.465704619884490967e-01 1.080959588289260864e-01
-2.785665914416313171e-02 -1.126346457749605179e-02 5.239835977554321289e-01 -1.225228086113929749e-01 3.147282451391220093e-02 -7.050386071205139160e-01
1.252217650413513184e+00 -1.259774565696716309e+00 7.519409060478210449e-02 4.253191291354596615e-04 -2.436064034700393677e-01 -4.256952553987503052e-02
-4.098909795284271240e-01 3.571753203868865967e-01 -2.159267477691173553e-02 1.126831397414207458e-01 3.452058732509613037e-01 -2.891137599945068359e-01
-2.064807116985321045e-01 3.221260011196136475e-01 -6.282108277082443237e-02 -3.158815950155258179e-02 -1.108946055173873901e-01 -4.226437211036682129e-02
2.753027714788913727e-02 -7.794962823390960693e-02 -3.954489529132843018e-01 9.982793927192687988e-01 -4.512843862175941467e-02 -2.571524381637573242e-01
-2.528569698333740234e-01 1.747517473995685577e-02 -7.921136915683746338e-02 5.612121582031250000e+00 3.221929073333740234e+00 3.403029143810272217e-01
-1.700409501791000366e-01 -8.041989058256149292e-02 4.209530055522918701e-01 -3.442417979240417480e-01 -3.425927460193634033e-01 1.596908420324325562e-01
1.327004283666610718e-02 -9.225063025951385498e-02 -5.111113786697387695e-01 9.422962069511413574e-01 1.297749638557434082e+00 2.363555133342742920e-01
2.552104741334915161e-02 8.606772124767303467e-02 5.438247919082641602e-01 1.013547331094741821e-01 -1.521687358617782593e-01 -2.037417888641357422e-02
-3.040006160736083984e-01 4.689749181270599365e-01 2.733865287154912949e-03 2.647814573720097542e-03 1.155950594693422318e-02 -4.671933874487876892e-02
1.834894865751266479e-01 -3.297893106937408447e-01 8.992391638457775116e-03 2.178486436605453491e-02 -4.600983485579490662e-02 -2.423388650640845299e-03
7.450281642377376556e-03 1.247891131788492203e-02 -3.296975791454315186e-01 1.944505870342254639e-01 -2.633428573608398438e-01 -5.501251816749572754e-01
-1.090565696358680725e-01 -7.391272485256195068e-02 5.564942955970764160e-01 -3.170800805091857910e-01 -5.456311702728271484e-01 1.469450294971466064e-01
-9.374139830470085144e-03 1.524478662759065628e-02 -8.333119750022888184e-02 2.167844772338867188e-01 2.101824283599853516e-01 1.894255578517913818e-01
-9.558968245983123779e-02 5.677610263228416443e-02 -9.480692446231842041e-02 6.939687132835388184e-01 -2.469082549214363098e-02 5.200747847557067871e-01
1.067301779985427856e-01 1.195543166249990463e-02 -9.475821256637573242e-01 1.291694194078445435e-01 8.930492997169494629e-01 1.726654618978500366e-01
-9.956838935613632202e-02 -2.861414477229118347e-02 8.281004428863525391e-01 -4.030650258064270020e-01 -2.061811685562133789e+00 -4.667075872421264648e-01
-2.088668197393417358e-02 1.203160360455513000e-02 -1.871829181909561157e-01 3.002315461635589600e-01 3.238743245601654053e-01 2.055624574422836304e-01
-3.742998838424682617e-02 -3.339057043194770813e-02 1.967583298683166504e-01 -8.691708445549011230e-01 1.284444183111190796e-01 3.461056351661682129e-01
3.400370851159095764e-02 4.549299180507659912e-02 -2.776603214442729950e-02 7.192910462617874146e-02 2.416698783636093140e-01 -2.850551009178161621e-01
-1.924586482346057892e-02 4.067127779126167297e-02 -5.518890544772148132e-02 3.115064203739166260e-01 -8.996382355690002441e-01 3.371899574995040894e-02
-2.256395295262336731e-02 -5.963722988963127136e-02 -1.198000758886337280e-01 2.336655408143997192e-01 7.483520507812500000e-01 1.791445612907409668e-01
-3.297119215130805969e-02 -1.008045626804232597e-03 7.126153260469436646e-02 6.080200672149658203e-01 8.152449131011962891e-02 1.130597572773694992e-02
-9.881980419158935547e-01 2.037060976028442383e+00 1.324508339166641235e-01 -1.071098446846008301e-01 1.913520246744155884e-01 -1.122414395213127136e-01
1.148788444697856903e-02 1.958180963993072510e-01 7.067359089851379395e-01 -8.152769804000854492e-01 1.173842430114746094e+00 3.540897369384765625e+00
-6.677772849798202515e-02 -2.127072662115097046e-01 -9.357274174690246582e-01 4.496707916259765625e+00 -1.064112544059753418e+00 -3.337932348251342773e+00
-3.049998357892036438e-02 1.930953934788703918e-03 6.043998058885335922e-03 -3.898323774337768555e-01 5.228618904948234558e-02 6.495257467031478882e-02
-5.893522128462791443e-02 5.835869908332824707e-02 1.561254169791936874e-02 -6.003461778163909912e-02 -2.174551226198673248e-02 4.205063581466674805e-01
-5.472979322075843811e-02 1.901616528630256653e-02 8.369872719049453735e-02 -5.996323749423027039e-02 -2.821024656295776367e-01 1.903451085090637207e-01
-2.029787898063659668e-01 3.033806085586547852e-01 8.446917682886123657e-02 -9.596318751573562622e-02 -2.385157942771911621e-01 -2.749198675155639648e-01
9.010452032089233398e-02 -1.018377467989921570e-01 2.282338142395019531e+00 -1.230894446372985840e+00 -3.550509214401245117e+00 -6.309208869934082031e-01
5.282172933220863342e-02 -6.231921166181564331e-02 -1.324409693479537964e-01 3.054177463054656982e-01 6.126545667648315430e-01 2.200768589973449707e-01
-6.278232485055923462e-02 1.728886738419532776e-02 1.119532823562622070e+00 -1.519080996513366699e-01 -1.579561680555343628e-01 6.887646764516830444e-02
1.331306248903274536e-01 2.169200591742992401e-02 -2.435465157032012939e-01 2.730371654033660889e-01 1.420724093914031982e-01 -4.776500910520553589e-02
9.709923528134822845e-03 -1.850586035288870335e-03 -5.188913084566593170e-03 6.107648089528083801e-02 -5.887899398803710938e-01 3.467810451984405518e-01
1.910131052136421204e-02 7.264268398284912109e-02 -2.235086113214492798e-01 5.068968534469604492e-01 4.002074524760246277e-02 -3.367950320243835449e-01
6.284844130277633667e-02 -1.847506500780582428e-03 2.426820993423461914e-01 -1.711987853050231934e-01 -1.245863065123558044e-01 -2.861190140247344971e-01
-7.000522017478942871e-01 4.201535582542419434e-01 6.280781328678131104e-02 1.618492454290390015e-01 -4.450552538037300110e-02 -1.228667125105857849e-01
-4.208875820040702820e-02 1.025352720171213150e-02 3.253278881311416626e-02 1.071851700544357300e-01 -5.135900378227233887e-01 -1.851090639829635620e-01
3.105112910270690918e-01 -1.120951324701309204e-01 3.783375024795532227e+00 3.132252097129821777e-01 1.606319546699523926e+00 -1.549635171890258789e+00
-3.720154054462909698e-03 -7.419830560684204102e-02 -2.469103336334228516e-01 2.688661217689514160e-01 5.298621207475662231e-02 -1.509654819965362549e-01
2.705491781234741211e-01 -1.993643045425415039e-01 -3.092571347951889038e-02 1.468116343021392822e-01 -4.501646757125854492e-01 1.775650084018707275e-01
1.860973425209522247e-02 -7.926177978515625000e-02 7.401782274246215820e-02 -8.064523339271545410e-02 -5.043463036417961121e-02 7.336902618408203125e-01
7.417151331901550293e-02 -3.611996024847030640e-02 2.003740370273590088e-01 -3.205757439136505127e-01 2.044863253831863403e-01 -2.258873134851455688e-01
-2.359232679009437561e-02 1.252598967403173447e-02 4.209265112876892090e-01 -1.362517476081848145e-01 -1.640518456697463989e-01 -1.247941628098487854e-01
-2.462365105748176575e-02 -9.618548676371574402e-03 7.854934036731719971e-02 7.960425317287445068e-02 5.785722136497497559e-01 8.892777562141418457e-01
4.652751609683036804e-02 -2.307616919279098511e-02 -1.296340227127075195e-01 8.492478728294372559e-01 -4.735339060425758362e-02 -2.207693457603454590e-01
2.127665467560291290e-02 4.294478334486484528e-03 2.531965076923370361e-01 -1.826901286840438843e-01 -6.266545057296752930e-01 -3.414569422602653503e-02
-1.254327781498432159e-02 1.017643511295318604e-02 -1.022984236478805542e-01 -1.302995532751083374e-01 -3.580053150653839111e-01 -1.906132251024246216e-01
1.080851163715124130e-02 3.663105890154838562e-02 4.009174406528472900e-01 -9.121026098728179932e-02 9.221825748682022095e-02 -7.873104512691497803e-02
9.279951453208923340e-03 -2.901228144764900208e-02 -7.094682455062866211e-01 3.887017071247100830e-01 3.520987033843994141e-01 2.034986317157745361e-01
2.775862067937850952e-02 -3.879201412200927734e-02 7.429873198270797729e-02 -2.557117044925689697e-01 1.490827649831771851e-01 1.600001007318496704e-01
5.165134072303771973e-01 -5.438604354858398438e-01 7.186983712017536163e-03 2.834912762045860291e-02 -4.742192104458808899e-02 -1.790284812450408936e-01
-4.661478474736213684e-02 3.537873923778533936e-02 6.591067314147949219e-01 -7.807157635688781738e-01 3.995549082756042480e-01 1.142910003662109375e+00
6.394004076719284058e-02 -2.774586528539657593e-02 1.371579527854919434e+00 8.497113227844238281e+00 4.887440502643585205e-01 -2.847439646720886230e-01
-3.329707775264978409e-03 1.595287001691758633e-03 8.355206996202468872e-02 -5.591096356511116028e-02 -2.836357057094573975e-01 -1.932661980390548706e-01
-2.682065404951572418e-02 6.430631130933761597e-02 2.110715061426162720e-01 2.819853462278842926e-02 7.666062712669372559e-01 7.643815875053405762e-01
-5.349145084619522095e-02 2.492922125384211540e-03 -4.615705832839012146e-02 -2.244007959961891174e-02 -1.142421439290046692e-01 -2.684434354305267334e-01
1.711999326944351196e-01 -8.822640404105186462e-03 -1.890034079551696777e-01 1.031759500503540039e+00 2.440458297729492188e+00 3.442617878317832947e-02
-1.373901367187500000e-01 -1.566327363252639771e-02 4.350740313529968262e-01 -1.280715316534042358e-01 3.904496729373931885e-01 5.216181278228759766e-01
-2.871614880859851837e-03 -2.234722115099430084e-02 -1.218315772712230682e-02 -9.899675846099853516e-02 -2.893307507038116455e-01 -1.858862489461898804e-01
1.776509135961532593e-01 1.513334959745407104e-01 4.346327185630798340e-01 -3.093904554843902588e-01 2.559373378753662109e-01 1.688370539341121912e-04
4.733479395508766174e-02 3.851415589451789856e-02 -2.127202004194259644e-01 6.075595021247863770e-01 6.875951886177062988e-01 8.222768455743789673e-02
6.051310896873474121e-02 -4.868303984403610229e-02 -7.153419405221939087e-02 4.682841897010803223e-01 -3.226214945316314697e-01 -3.256768882274627686e-01
-4.055475816130638123e-02 5.943569168448448181e-02 2.805447280406951904e-01 -2.738564014434814453e-01 -1.317143142223358154e-01 1.371681969612836838e-02
9.008015692234039307e-02 -2.818352729082107544e-02 7.805346250534057617e-01 -1.610040903091430664e+00 -1.645119547843933105e+00 1.906242519617080688e-01
1.173653677105903625e-01 -5.607512593269348145e-02 -4.075618088245391846e-02 1.712244749069213867e-01 -2.846827208995819092e-01 -8.861947804689407349e-02
1.012275815010070801e-01 1.345165818929672241e-01 -6.656872034072875977e-01 2.262959241867065430e+00 2.566202402114868164e+00 1.472192108631134033e-01
-3.013369143009185791e-01 1.584472805261611938e-01 4.896356910467147827e-02 -3.537499532103538513e-02 1.061216294765472412e-01 9.833831340074539185e-02
-2.424249611794948578e-02 -2.013091742992401123e-02 -2.748114764690399170e-01 -4.880951344966888428e-02 1.968800723552703857e-01 3.013479411602020264e-01
2.352321147918701172e-02 6.761646270751953125e-02 2.576167583465576172e-01 -7.312762737274169922e-02 5.036479234695434570e-01 5.997645854949951172e-01
-3.609565198421478271e-01 -3.616449832916259766e-01 9.207446098327636719e+00 4.176765382289886475e-01 -1.969533562660217285e+00 -9.256370663642883301e-01
3.656952828168869019e-02 3.764602541923522949e-02 2.311517447233200073e-01 -5.161008834838867188e-01 -1.015100535005331039e-02 -2.055884599685668945e-01
-3.514210460707545280e-03 7.970342412590980530e-03 -9.746109843254089355e-01 -3.541044518351554871e-02 8.667609840631484985e-02 -1.175835132598876953e-01
-7.211536169052124023e-03 -7.184989005327224731e-02 3.240002393722534180e-01 -2.912047207355499268e-01 1.726374588906764984e-02 2.517389357089996338e-01
-8.288798481225967407e-02 -4.303789734840393066e-01 4.568854868412017822e-01 4.506291449069976807e-01 1.628084033727645874e-01 4.285348206758499146e-02
-9.465687721967697144e-02 3.434310853481292725e-02 -4.164421856403350830e-01 3.454313874244689941e-01 2.180052101612091064e-01 1.304959207773208618e-01
-5.352161079645156860e-02 -1.840980164706707001e-02 6.405341625213623047e-02 1.991015672683715820e-01 -1.985837817192077637e+00 -3.223401904106140137e-01
-1.942040957510471344e-02 -2.105642482638359070e-02 3.285932242870330811e-01 -1.222492933273315430e+00 -9.111337661743164062e-01 -4.159703552722930908e-01
1.315363496541976929e-01 5.438805744051933289e-02 7.746459543704986572e-02 -8.453486114740371704e-02 5.898856744170188904e-02 -4.031628966331481934e-01
2.947086468338966370e-02 4.689920693635940552e-02 -1.332314461469650269e-01 -3.828917741775512695e-01 4.191986620426177979e-01 2.040278725326061249e-02
3.537618815898895264e-01 -1.364562064409255981e-01 -2.105930447578430176e-01 6.315617561340332031e+00 -5.572389364242553711e-01 -1.413254141807556152e+00
-2.212713845074176788e-02 -1.479854248464107513e-02 -3.061586320400238037e-01 2.134496569633483887e-01 1.293308436870574951e-01 1.542747020721435547e-01
2.724108695983886719e-01 -7.385802268981933594e-02 5.464331507682800293e-01 7.182452082633972168e-02 4.011778831481933594e-01 2.960191071033477783e-01
-2.007968127727508545e-01 1.104115396738052368e-01 -3.243792951107025146e-01 1.848387122154235840e-01 1.274433284997940063e-01 -2.409649044275283813e-01
1.122920587658882141e-02 -9.181065484881401062e-03 -1.868515312671661377e-01 -4.001685976982116699e-02 3.190407454967498779e-01 1.946879178285598755e-01
2.227191068232059479e-02 -7.239781320095062256e-03 1.831070780754089355e-01 -1.378966718912124634e-01 1.426544636487960815e-01 2.420723736286163330e-01
1.273815780878067017e-01 4.096949938684701920e-03 -2.338479310274124146e-01 4.744574055075645447e-02 -3.632952226325869560e-03 3.693455159664154053e-01
-3.706257790327072144e-03 -5.070128664374351501e-02 2.359251827001571655e-01 -3.783942461013793945e-01 -3.214610517024993896e-01 -7.214983552694320679e-02
-2.654716558754444122e-02 -2.112409844994544983e-02 3.719268441200256348e-01 -1.435994803905487061e-01 7.089664041996002197e-02 8.904532343149185181e-02
4.771074280142784119e-02 4.174038022756576538e-02 5.166621506214141846e-02 1.877394318580627441e-01 3.559274673461914062e+00 3.551718890666961670e-01
-1.637944392859935760e-02 -8.518088608980178833e-02 -3.310041129589080811e-01 1.284341216087341309e-01 2.943216800689697266e+00 -1.702388525009155273e-01
-2.620351733639836311e-03 3.216842934489250183e-02 -2.727790474891662598e-01 8.885938674211502075e-02 2.886026501655578613e-01 -5.061532557010650635e-02
1.469901297241449356e-02 5.134746804833412170e-02 1.042394936084747314e-01 -3.024354875087738037e-01 -1.402408361434936523e+00 -6.133162975311279297e-01
1.007980201393365860e-02 -2.889950014650821686e-02 -2.263717800378799438e-01 3.189322054386138916e-01 -2.432982176542282104e-01 -7.887809872627258301e-01
-1.561915781348943710e-02 -1.762141436338424683e-01 1.109030485153198242e+00 -1.964566856622695923e-01 2.329869009554386139e-02 3.203182935714721680e+00
4.415585659444332123e-03 1.061171479523181915e-02 2.902495861053466797e-02 -4.165674746036529541e-01 4.252820014953613281e-01 6.028724312782287598e-01
3.302258625626564026e-02 -7.085118442773818970e-02 -2.718350291252136230e-01 5.905246138572692871e-01 -1.858998090028762817e-02 -1.474635452032089233e-01
3.166403621435165405e-02 2.335917390882968903e-02 3.644005060195922852e-01 -3.733875155448913574e-01 1.884322017431259155e-01 3.379426896572113037e-01
-2.941031455993652344e-01 3.432736098766326904e-01 -3.571753948926925659e-02 2.726868987083435059e-01 -1.787849515676498413e-01 -3.110172748565673828e-01
-1.492528170347213745e-01 -6.824219971895217896e-02 -7.068045735359191895e-01 2.232280254364013672e+00 2.376210451126098633e+00 1.292482614517211914e+00
-5.801693070679903030e-03 1.277577597647905350e-02 3.226495161652565002e-02 -3.395957350730895996e-01 -1.926719546318054199e-01 -4.806415364146232605e-02
9.914408437907695770e-03 4.737770184874534607e-02 4.058663249015808105e-01 6.888586282730102539e-02 -7.848632521927356720e-03 4.223654568195343018e-01
-3.779189288616180420e-02 -1.547499839216470718e-02 5.561937093734741211e-01 -2.090959101915359497e-01 5.256712436676025391e-01 -3.344880640506744385e-01
4.830405116081237793e-02 4.320599883794784546e-02 -2.172408998012542725e-01 3.596252202987670898e-01 -2.052222490310668945e-01 -6.779400110244750977e-01
-4.184204936027526855e-01 5.293951630592346191e-01 8.025777339935302734e-02 -1.924067735671997070e-01 6.119758263230323792e-02 -5.915988981723785400e-02
-3.896952047944068909e-02 2.550113014876842499e-02 -4.383997246623039246e-02 -1.230650916695594788e-01 4.534892737865447998e-01 4.349325299263000488e-01
5.006724596023559570e-02 -8.525457978248596191e-02 -2.686319351196289062e-01 3.133728206157684326e-01 1.524160802364349365e-01 2.732990682125091553e-01
-6.944178789854049683e-02 -1.462357193231582642e-01 3.758659958839416504e-01 -1.199562907218933105e+00 -2.053320646286010742e+00 -3.157996833324432373e-01
-5.562002770602703094e-03 5.075693875551223755e-02 -1.872650086879730225e-01 1.034845486283302307e-01 -4.937656596302986145e-02 -2.251200526952743530e-01
2.342027844861149788e-03 2.624372020363807678e-02 2.673272788524627686e-01 -2.368287295103073120e-01 -4.597045183181762695e-01 -3.353518992662429810e-02
-1.102730482816696167e-01 -5.234308168292045593e-02 2.146423012018203735e-01 -1.545611739158630371e+00 -3.365377187728881836e-01 5.913349390029907227e-01
1.370889018289744854e-03 5.591760389506816864e-03 -4.128242731094360352e-01 7.917635887861251831e-02 6.914904341101646423e-03 -2.218272984027862549e-01
6.016664206981658936e-02 1.053577139973640442e-01 -4.387092292308807373e-01 -3.221589624881744385e-01 1.140723466873168945e+00 9.621679782867431641e-01
1.573772281408309937e-01 3.557785972952842712e-02 7.918380498886108398e-01 6.670243293046951294e-02 4.076431095600128174e-01 -7.543750852346420288e-02
-7.793582230806350708e-02 -8.088974282145500183e-03 3.225407004356384277e-01 -9.321400523185729980e-02 1.383492499589920044e-01 1.878917962312698364e-01
4.489612206816673279e-02 8.703546226024627686e-02 -4.700697660446166992e-01 1.900778710842132568e-01 7.832958102226257324e-01 6.369225680828094482e-02
1.084552034735679626e-01 9.098359942436218262e-02 1.011057138442993164e+00 -4.135903418064117432e-01 4.440672993659973145e-01 1.180436015129089355e+00
-6.330774724483489990e-02 3.633236587047576904e-01 6.915692329406738281e+00 1.850908279418945312e+00 -5.423573255538940430e-01 3.037363886833190918e-01
1.278078742325305939e-02 3.361244499683380127e-02 2.162246108055114746e-01 -3.196309208869934082e-01 -4.335889220237731934e-01 2.324317395687103271e-02
1.374745275825262070e-02 -6.948784925043582916e-03 -4.044718742370605469e-01 2.311608046293258667e-01 -2.251440891996026039e-03 -2.358271777629852295e-01
-2.141954898834228516e-01 2.506005577743053436e-02 3.963752388954162598e-01 -2.205550819635391235e-01 -3.242166757583618164e+00 -3.275080323219299316e-01
5.957126989960670471e-02 2.559819258749485016e-02 3.979404866695404053e-01 -1.676294356584548950e-01 -6.134432554244995117e-01 -3.816116154193878174e-01
1.781174987554550171e-01 -4.118667170405387878e-02 3.952299654483795166e-01 -2.475993335247039795e-01 -5.888149738311767578e-01 -1.611271798610687256e-01
6.364246606826782227e-01 -3.378268182277679443e-01 3.533748164772987366e-02 -1.530925836414098740e-02 -4.300612211227416992e-02 1.812707632780075073e-01
2.633983455598354340e-02 -1.162876095622777939e-02 -1.181773394346237183e-01 2.165364921092987061e-01 -5.231247842311859131e-02 -5.492714047431945801e-01
-5.228587891906499863e-03 -3.146712481975555420e-02 5.729647278785705566e-01 -1.118806377053260803e-01 1.699351966381072998e-01 -1.105234384536743164e+00
-2.139046229422092438e-02 -1.669311523437500000e-02 3.330941870808601379e-02 1.736591458320617676e-01 1.654952317476272583e-01 2.979983389377593994e-01
6.529656797647476196e-02 4.985908791422843933e-02 -4.026598483324050903e-02 2.529181838035583496e-01 -5.069490671157836914e-01 -1.147008836269378662e-01
5.184636451303958893e-03 -8.146282285451889038e-02 -2.174030840396881104e-01 2.842441201210021973e-01 8.656360954046249390e-02 -3.029616475105285645e-01
-6.738100200891494751e-02 1.627730019390583038e-02 2.263503223657608032e-01 -2.087660729885101318e-01 -6.567184329032897949e-01 -2.502667605876922607e-01
3.212023584637790918e-04 -1.031906995922327042e-02 -1.268178969621658325e-01 1.459317952394485474e-01 -2.472726255655288696e-01 -2.542532086372375488e-01
5.347448214888572693e-02 3.440391272306442261e-02 1.453167676925659180e+00 -5.268115997314453125e-01 1.122327893972396851e-01 3.617783486843109131e-01
-8.343597874045372009e-03 -3.667461872100830078e-02 3.560918867588043213e-01 -1.408449560403823853e-01 1.610392928123474121e-01 5.127125978469848633e-01
-6.221862509846687317e-02 3.660707175731658936e-02 -6.637071073055267334e-02 -5.678263902664184570e-01 -1.667200028896331787e-02 -3.243658319115638733e-02
-7.819396257400512695e-02 -1.120849139988422394e-02 3.849544227123260498e-01 -1.434260755777359009e-01 1.925740204751491547e-02 2.048861980438232422e-01
1.215981021523475647e-01 -4.456385597586631775e-02 9.019795060157775879e-02 -2.046711146831512451e-01 -1.036448106169700623e-01 4.709199070930480957e-03
-2.252607606351375580e-03 -7.243934273719787598e-02 -5.784339904785156250e-01 5.137262344360351562e-01 -8.712790161371231079e-02 -6.926373839378356934e-01
6.440346837043762207e-01 -8.045248985290527344e-01 2.328483946621417999e-02 6.457507610321044922e-02 -1.350827515125274658e-02 -2.361268969252705574e-03
-2.427592873573303223e-01 1.953983157873153687e-01 -7.896864414215087891e-02 1.702075824141502380e-02 -1.183051839470863342e-01 -2.378852367401123047e-01
-1.061519011855125427e-01 6.556469947099685669e-02 -2.184947133064270020e-01 -3.648767247796058655e-02 -2.290314197540283203e+00 4.651704430580139160e-01
-4.022130742669105530e-02 5.410908162593841553e-02 -2.612051963806152344e-01 -6.123561263084411621e-01 -2.276152849197387695e+00 -8.081874847412109375e-01
-7.351562380790710449e-02 1.173648238182067871e-02 -1.767869293689727783e-01 2.911775708198547363e-01 5.666916370391845703e-01 5.129152536392211914e-02
5.003683567047119141e-01 3.507454320788383484e-02 1.135123252868652344e+00 9.207076072692871094e+00 -6.685007810592651367e-01 9.805234670639038086e-01
8.329924941062927246e-02 -1.810913681983947754e-01 2.583012104034423828e+00 -6.623978614807128906e-01 2.939384222030639648e+00 -5.292747616767883301e-01
-1.623663604259490967e-01 1.115260943770408630e-01 1.941906660795211792e-01 -3.767699003219604492e-01 -5.998391658067703247e-02 -2.290350645780563354e-01
-7.338709384202957153e-02 2.885817736387252808e-02 -6.689743995666503906e-01 2.731074094772338867e-01 -2.281874716281890869e-01 -7.708482444286346436e-02
2.768725529313087463e-02 1.062905415892601013e-01 6.265174746513366699e-01 -7.678165435791015625e-01 2.796752452850341797e-01 2.208245694637298584e-01
5.535469651222229004e-01 -2.258162498474121094e-01 1.114433705806732178e-01 8.723103255033493042e-02 5.743808299303054810e-02 8.443295955657958984e-03
7.990352064371109009e-02 -1.834338158369064331e-02 4.076759517192840576e-01 -1.654296666383743286e-01 -5.640564858913421631e-02 -2.510672807693481445e-01
-6.467306055128574371e-03 -3.265833365730941296e-04 -2.305405586957931519e-02 4.596382379531860352e-02 3.267666697502136230e-01 5.051088705658912659e-02
-5.055866017937660217e-02 -1.892205476760864258e-01 2.676136791706085205e-01 -1.972832381725311279e-01 -8.380782604217529297e-02 1.011560484766960144e-01
5.483681708574295044e-02 1.611735858023166656e-02 7.139530181884765625e-01 -2.724912166595458984e-01 -1.124396443367004395e+00 -6.627584695816040039e-01
-3.973300103098154068e-03 -3.610499575734138489e-02 -8.360338956117630005e-02 -5.556366220116615295e-02 -3.046867847442626953e-01 -1.019450873136520386e-01
1.770297288894653320e-01 -2.176387608051300049e-01 -4.112783432006835938e+00 4.538755118846893311e-01 2.268771082162857056e-02 -9.621186256408691406e-01
-7.976567000150680542e-02 2.660380862653255463e-02 8.552164435386657715e-01 -1.408315449953079224e-01 1.804801076650619507e-01 2.580545842647552490e-01
2.260325290262699127e-02 -1.285395026206970215e-02 -4.164228439331054688e-01 3.052281737327575684e-01 3.480015099048614502e-01 -9.390456974506378174e-02
-9.089504368603229523e-03 8.912531286478042603e-02 -2.674920260906219482e-01 3.131748676300048828e+00 5.777692794799804688e-02 -3.186609745025634766e+00
1.871072798967361450e-01 -1.457034796476364136e-01 6.946944445371627808e-02 2.657155692577362061e-01 -1.223932951688766479e-01 8.591985702514648438e-01
1.794868707656860352e-02 -3.692650049924850464e-02 -6.763996481895446777e-01 1.522214412689208984e-01 -9.899827092885971069e-02 -2.504464387893676758e-01
-1.733599789440631866e-02 -1.632560789585113525e-02 -1.046140789985656738e-01 -2.443635165691375732e-01 -2.277353256940841675e-01 2.460977137088775635e-01
2.571421675384044647e-02 -4.086359962821006775e-02 -1.665564477443695068e-01 1.259260624647140503e-01 7.820013165473937988e-02 -1.837849318981170654e-01
1.961502283811569214e-01 -1.431598607450723648e-02 4.363276809453964233e-02 4.251509606838226318e-01 -2.981074340641498566e-02 1.504087597131729126e-01
-4.634162485599517822e-01 5.952858924865722656e-01 4.575153067708015442e-02 -5.550334230065345764e-02 -2.533183395862579346e-01 -2.096396684646606445e-02
4.473682492971420288e-02 4.615059494972229004e-02 1.211590245366096497e-01 -9.148917794227600098e-01 1.931814849376678467e-01 9.516589045524597168e-01
-1.100969850085675716e-03 -1.040494740009307861e-01 -8.757455348968505859e-01 -2.117252349853515625e-01 -2.430287599563598633e-01 5.196197703480720520e-02
-3.210960887372493744e-03 -1.376621075905859470e-04 4.151223897933959961e-01 -3.051945865154266357e-01 -2.691245377063751221e-01 1.113932430744171143e-01
5.359953269362449646e-02 -1.630668900907039642e-02 5.768479406833648682e-02 -6.079514026641845703e-01 -5.668194293975830078e-01 -2.313547730445861816e-01
7.685343921184539795e-02 1.207821369171142578e-01 -7.534906864166259766e-01 4.365148246288299561e-01 -3.201483488082885742e-01 -1.178669929504394531e+00
-4.933831840753555298e-02 1.032247021794319153e-02 2.324201762676239014e-01 -1.001148447394371033e-01 -2.481667846441268921e-01 -6.581258773803710938e-02
3.749027475714683533e-02 -1.526138931512832642e-02 -6.226346641778945923e-02 3.323316946625709534e-02 4.948622733354568481e-02 -4.643770456314086914e-01
1.442588772624731064e-02 7.501340005546808243e-03 -1.263347268104553223e-01 1.258142590522766113e-01 4.549539089202880859e-02 -4.836214482784271240e-01
-3.673815727233886719e-02 1.805453002452850342e-02 -1.413121521472930908e-01 1.509467959403991699e-01 -3.721474707126617432e-01 -5.521609187126159668e-01
2.382019311189651489e-01 -4.356086850166320801e-01 7.916169241070747375e-03 -6.013742089271545410e-02 6.279791146516799927e-02 3.945466876029968262e-02
5.361741408705711365e-02 -1.492138113826513290e-02 -6.893860548734664917e-02 4.163253903388977051e-01 3.178311884403228760e-02 -4.111248552799224854e-01
2.100851573050022125e-02 -2.610701136291027069e-02 -2.005070149898529053e-01 4.948201030492782593e-02 2.028939872980117798e-01 7.202991098165512085e-02
2.927900850772857666e-02 -2.322150021791458130e-02 -5.176657810807228088e-02 1.201845854520797729e-01 5.425085425376892090e-01 1.683813482522964478e-01
-4.960812255740165710e-02 1.851797662675380707e-02 1.461218893527984619e-01 -7.138972729444503784e-02 7.927108556032180786e-02 5.153900980949401855e-01
1.320224534720182419e-02 -5.712349957320839167e-05 3.618239760398864746e-01 -9.966529905796051025e-02 -4.173749387264251709e-01 -1.799744665622711182e-01
3.107012435793876648e-02 2.822546288371086121e-02 -6.264702677726745605e-01 -1.207517227157950401e-03 -1.925414651632308960e-01 -2.529709339141845703e-01
3.215664252638816833e-02 1.182848587632179260e-01 1.274821162223815918e-02 -3.377442955970764160e-01 -2.556424379348754883e+00 -8.388730287551879883e-01
2.348801940679550171e-01 9.370694309473037720e-02 -6.089691519737243652e-01 1.422416567802429199e+00 1.080731272697448730e+00 2.323188483715057373e-01
-7.194059491157531738e-01 4.060712158679962158e-01 3.578599914908409119e-02 -6.628181785345077515e-02 -5.355318076908588409e-03 4.822369664907455444e-02
8.403328061103820801e-02 -1.400680243968963623e-01 -1.782501786947250366e-01 -3.534661978483200073e-02 -2.078587114810943604e-01 -1.142889261245727539e-01
9.881290607154369354e-03 5.447413399815559387e-02 -2.499250508844852448e-02 1.404552459716796875e-01 7.139426469802856445e-01 1.590419411659240723e-01
4.070060327649116516e-03 -5.852066678926348686e-04 -1.422503441572189331e-01 3.546982109546661377e-01 -2.130705565214157104e-01 -6.007453799247741699e-01
4.929025471210479736e-02 -1.774305291473865509e-02 -8.280993700027465820e-01 -9.928812831640243530e-02 3.087176084518432617e-01 9.068288654088973999e-02
-2.689723158255219460e-03 2.170342206954956055e-02 -1.359762698411941528e-01 2.439135611057281494e-01 -1.745324432849884033e-01 -4.247083067893981934e-01
1.533557772636413574e-01 -5.460197106003761292e-02 -1.547635555267333984e+00 1.463290810585021973e+00 1.855471730232238770e+00 1.896357655525207520e+00
5.297346506267786026e-03 -2.572546899318695068e-02 -1.713865399360656738e-01 -1.751340478658676147e-01 -5.191798210144042969e-01 1.084094773977994919e-02
