1.679491437971591949e-02 -2.823276817798614502e-02 5.159437283873558044e-02 -9.062019586563110352e-01 -1.689570993185043335e-01 -3.630300611257553101e-02
1.849074102938175201e-02 7.533294148743152618e-03 -9.333913922309875488e-01 2.294079065322875977e-01 3.706306591629981995e-02 -1.177384480834007263e-01
1.596061512827873230e-03 7.819458842277526855e-02 -1.632139384746551514e-01 1.054344415664672852e+00 -1.147907110862433910e-03 1.478575170040130615e-01
5.080524459481239319e-02 -6.079355254769325256e-02 1.267269998788833618e-01 -7.934664934873580933e-02 -3.977135717868804932e-01 -2.641470432281494141e-01
2.743495255708694458e-02 -1.219813674688339233e-01 -2.578529119491577148e+00 3.872649967670440674e-01 -1.014871448278427124e-01 -2.734736502170562744e-01
-3.026718199253082275e-01 2.318565696477890015e-01 -1.455285549163818359e-01 1.929784566164016724e-01 -8.582673221826553345e-02 -9.019204974174499512e-02
6.595629453659057617e-01 4.843301773071289062e-01 -2.731818199157714844e+00 4.635805189609527588e-01 7.953863143920898438e+00 5.129795670509338379e-01
-3.862839937210083008e-02 -1.587830483913421631e-02 2.466507673263549805e+00 -6.686623692512512207e-01 -1.476019434630870819e-02 -1.448080539703369141e-01
-3.095813393592834473e-01 -2.537164837121963501e-02 -1.131481528282165527e+00 -1.364849209785461426e+00 1.111512541770935059e+00 3.535625934600830078e+00
1.354804486036300659e-01 4.410376399755477905e-02 -2.574416399002075195e-01 -1.077123761177062988e+00 9.257118105888366699e-01 2.085890024900436401e-01
3.643232882022857666e-01 -1.249446868896484375e+00 2.151697129011154175e-01 -1.419099420309066772e-01 -1.305845379829406738e-01 -5.902289599180221558e-02
-2.680507116019725800e-02 8.030805736780166626e-02 -2.951193094253540039e+00 6.393719315528869629e-01 2.518595159053802490e-01 9.104435443878173828e-01
-4.553110152482986450e-02 -2.716389484703540802e-03 5.633940920233726501e-02 -7.399638295173645020e-01 8.681153506040573120e-02 7.238298654556274414e-02
-4.693760536611080170e-03 9.538447484374046326e-03 3.884510323405265808e-02 -1.690308153629302979e-01 8.264999836683273315e-02 4.064998328685760498e-01
2.439655810594558716e-01 -2.043623179197311401e-01 1.298134475946426392e-01 -1.687541902065277100e-01 1.926523894071578979e-01 2.190410345792770386e-01
4.991615414619445801e-01 3.276468217372894287e-01 -6.587955355644226074e-01 2.952418088912963867e+00 8.722521781921386719e+00 -2.780883312225341797e-01
5.523520708084106445e-02 -2.414210140705108643e-02 1.953294128179550171e-02 1.365592032670974731e-01 -3.424676060676574707e-01 -1.311551630496978760e-01
-3.197841346263885498e-02 -2.599858306348323822e-02 3.206221014261245728e-02 -4.815349876880645752e-01 -1.644741296768188477e-01 -2.164983302354812622e-01
-4.584366083145141602e-02 -1.038193926215171814e-01 1.804003715515136719e-01 -1.053237318992614746e-01 1.976776868104934692e-01 3.762915432453155518e-01
7.421405985951423645e-03 -8.821356110274791718e-03 4.652806520462036133e-01 -7.036215811967849731e-02 1.042251214385032654e-01 5.345236137509346008e-02
7.970027625560760498e-02 4.243445768952369690e-02 2.264323711395263672e+00 -5.756872892379760742e-01 2.565457820892333984e-01 1.239963099360466003e-01
-1.187011972069740295e-02 -1.251455862075090408e-02 -2.980969548225402832e-01 1.229197904467582703e-01 2.584418058395385742e-01 3.760027289390563965e-01
-1.181723996996879578e-01 -6.386902928352355957e-02 2.923762798309326172e-01 1.028419017791748047e+00 -3.092183768749237061e-01 -3.213801085948944092e-01
-3.968644514679908752e-02 1.098357886075973511e-02 -3.226451575756072998e-01 3.538557291030883789e-01 1.360372900962829590e-01 1.730716228485107422e-01
1.666388846933841705e-02 6.178168952465057373e-02 4.331525266170501709e-01 -6.687824428081512451e-02 2.372410893440246582e-01 9.622408151626586914e-01
2.108399868011474609e-01 -1.994960755109786987e-01 -2.558090090751647949e-01 1.534955501556396484e-01 2.230921238660812378e-01 5.909712314605712891e-01
2.382592111825942993e-02 -3.582208417356014252e-03 7.942569851875305176e-01 -3.617415726184844971e-01 4.154530167579650879e-02 2.715289033949375153e-02
4.140543937683105469e-02 -1.895926147699356079e-01 6.703175902366638184e-01 5.989808216691017151e-02 1.082457661628723145e+00 1.724735833704471588e-02
-2.205996364355087280e-01 -4.631350934505462646e-02 1.684549351921305060e-04 7.073726505041122437e-02 3.833009004592895508e-01 4.275085926055908203e-01
1.139890123158693314e-02 -4.478885233402252197e-02 2.263985872268676758e-01 -6.673159003257751465e-01 -2.046933211386203766e-02 1.413008719682693481e-01
-4.212999716401100159e-02 -7.020088285207748413e-02 8.127901554107666016e-01 -7.233707308769226074e-01 3.184429883956909180e+00 6.934008598327636719e+00
1.262145876884460449e+00 -8.792169690132141113e-01 1.000860035419464111e-01 -1.769541413523256779e-03 -3.697830811142921448e-02 -4.091956019401550293e-01
2.002383023500442505e-02 -4.501577001065015793e-03 -7.375646233558654785e-01 1.055661588907241821e-01 3.260389342904090881e-02 2.419705092906951904e-01
8.842108771204948425e-03 1.529303640127182007e-01 5.349799990653991699e-01 3.103906214237213135e-01 5.992164611816406250e-01 2.280917391180992126e-02
5.043640732765197754e-01 -6.021655797958374023e-01 -3.946830332279205322e-02 -2.304558269679546356e-02 8.473788946866989136e-02 1.102418005466461182e-01
-1.177426241338253021e-02 -4.015097767114639282e-02 -5.969969630241394043e-01 7.939193844795227051e-01 1.119388937950134277e-01 -1.496537625789642334e-01
4.720755293965339661e-02 -3.911348059773445129e-02 -3.499662280082702637e-01 1.945212930440902710e-01 2.635172307491302490e-01 5.270233154296875000e-01
6.538382917642593384e-02 -5.365068465471267700e-02 -2.476259320974349976e-01 2.127057909965515137e-01 1.884618252515792847e-01 4.366300404071807861e-01
-3.555287793278694153e-02 4.149032011628150940e-02 4.713926017284393311e-01 -5.554086714982986450e-02 -5.348494648933410645e-02 -2.296510525047779083e-02
1.276007890701293945e-01 -1.580677032470703125e-01 -2.505561113357543945e-01 1.224072575569152832e+00 -2.711630659177899361e-03 1.930406689643859863e-02
2.024558000266551971e-02 -3.361288830637931824e-02 -3.689833879470825195e-01 9.184086918830871582e-01 1.428178548812866211e-01 5.108820274472236633e-02
2.864331752061843872e-02 1.063764188438653946e-02 -1.783063113689422607e-01 5.725899934768676758e-01 -1.616255939006805420e-02 9.219173341989517212e-02
-5.989944562315940857e-02 4.786608740687370300e-03 -2.607728242874145508e-01 5.789224505424499512e-01 1.466181781142950058e-02 -2.642898261547088623e-02
5.591915920376777649e-02 -1.284555904567241669e-02 -4.248757660388946533e-01 7.191687077283859253e-02 -1.199920079670846462e-03 3.765195980668067932e-02
-1.207615137100219727e+00 1.833529114723205566e+00 -2.919609472155570984e-02 1.293782144784927368e-01 5.955811589956283569e-02 6.560800969600677490e-02
2.740023285150527954e-02 -1.898176968097686768e-02 2.160825766623020172e-02 4.188543856143951416e-01 -8.103544265031814575e-02 -8.894649893045425415e-02
-6.285395473241806030e-03 -3.706647083163261414e-02 -1.683927774429321289e-01 4.021407663822174072e-01 1.905954256653785706e-02 6.132142990827560425e-02
5.157939717173576355e-02 -4.114168882369995117e-02 2.966956496238708496e-01 -8.106763958930969238e-01 1.901426553726196289e+00 4.151223897933959961e-01
-2.996484637260437012e-01 3.284543454647064209e-01 3.437507152557373047e-02 -6.050372868776321411e-02 -4.315151274204254150e-02 -5.673267412930727005e-03
-1.844913931563496590e-04 -3.631622996181249619e-03 2.211803644895553589e-01 -2.147049009799957275e-01 -1.204935982823371887e-01 -2.058827280998229980e-01
7.823406159877777100e-02 -6.149543076753616333e-02 7.662577927112579346e-02 -1.161575019359588623e-01 1.840232461690902710e-01 4.205139279365539551e-01
-4.804196069017052650e-04 2.791994018480181694e-03 3.864274127408862114e-03 2.549655437469482422e-01 -1.374439299106597900e-01 -2.169587016105651855e-01
-2.050878852605819702e-02 -7.407734170556068420e-03 -9.584439992904663086e-01 1.584838867187500000e+00 -2.183504998683929443e-01 -1.604119837284088135e-01
-2.364594489336013794e-02 1.816247589886188507e-02 -9.417371749877929688e-01 1.686918884515762329e-01 -7.540131360292434692e-02 -4.258603975176811218e-02
8.875645697116851807e-02 4.637143388390541077e-02 -2.203633040189743042e-01 -6.020305305719375610e-02 7.272191643714904785e-01 6.896553933620452881e-02
-3.826177865266799927e-02 -2.441928237676620483e-01 3.193944394588470459e-01 1.939028978347778320e+00 2.416776657104492188e+00 1.800454258918762207e-01
-1.476782262325286865e-01 1.164678260684013367e-01 -4.462794587016105652e-02 4.188685417175292969e-01 -2.396771013736724854e-01 -1.508237570524215698e-01
-3.895437344908714294e-02 6.331580132246017456e-02 4.230563342571258545e-02 -5.522264838218688965e-01 -4.938267171382904053e-02 -3.829283639788627625e-02
-8.416926860809326172e-02 -4.232850670814514160e-02 -8.893079310655593872e-02 8.155260682106018066e-01 -3.643545508384704590e-02 -7.301047444343566895e-02
9.211160242557525635e-03 -2.442868053913116455e-02 4.944252371788024902e-01 -1.294922530651092529e-01 2.533105667680501938e-03 -8.071583695709705353e-03
6.463516503572463989e-02 -5.163922533392906189e-02 3.703522384166717529e-01 -7.001721858978271484e-01 -4.133531451225280762e-02 -8.277671784162521362e-02
-8.441038429737091064e-03 6.729649845510721207e-03 -1.339817345142364502e-01 -9.188192337751388550e-02 -2.094747275114059448e-01 -2.628866434097290039e-01
2.461122721433639526e-02 -6.543922424316406250e-02 4.732241630554199219e-01 -1.155200302600860596e-01 4.391183853149414062e-01 3.695151805877685547e-01
-5.582559481263160706e-02 2.964824205264449120e-03 -8.752688765525817871e-02 -2.038901597261428833e-01 3.351990580558776855e-01 -2.596775256097316742e-02
3.082532584667205811e-01 4.297065362334251404e-02 -3.451936542987823486e-01 3.592772781848907471e-01 1.696294784545898438e+00 9.176073074340820312e+00
-5.889335647225379944e-02 6.993199139833450317e-02 -9.739913046360015869e-02 -1.149127110838890076e-01 -2.764930725097656250e-01 -1.037407666444778442e-01
2.361239492893218994e-02 2.223409526050090790e-02 3.592551648616790771e-01 -2.815056443214416504e-01 -4.963760450482368469e-02 -2.978274226188659668e-01
-9.851959347724914551e-02 1.602979749441146851e-01 -1.449925601482391357e-01 1.897514462471008301e-01 5.474327504634857178e-02 5.842779278755187988e-01
-7.027427665889263153e-03 1.195670850574970245e-02 -3.277039229869842529e-01 4.822576045989990234e-01 2.056015580892562866e-01 1.615973562002182007e-01
8.251539617776870728e-02 -9.353831410408020020e-02 -5.740441083908081055e-01 5.997381806373596191e-01 -3.995632827281951904e-01 -3.343740701675415039e-01
-1.827261969447135925e-02 3.230050578713417053e-02 4.279388487339019775e-01 -8.456157445907592773e-01 9.003427624702453613e-02 1.868157982826232910e-01
7.158488035202026367e-01 -3.801424205303192139e-01 -2.607114985585212708e-02 -4.637061432003974915e-02 -9.840080887079238892e-02 -1.782297194004058838e-01
-4.288956522941589355e-02 5.645482242107391357e-02 6.342920064926147461e-01 -1.066570207476615906e-01 -1.445499509572982788e-01 -1.029643937945365906e-01
-2.812697365880012512e-02 -3.511034324765205383e-02 -5.111823081970214844e-01 -3.749030828475952148e-02 -2.152535021305084229e-01 -2.975575625896453857e-01
1.500264927744865417e-02 1.662079244852066040e-02 -1.850413084030151367e-01 6.989443898200988770e-01 7.285601459443569183e-03 2.852960303425788879e-02
1.412444375455379486e-02 -2.426799945533275604e-02 1.472469121217727661e-01 -1.213926076889038086e+00 1.932306401431560516e-02 -1.427255123853683472e-01
2.551844343543052673e-03 1.093060243874788284e-02 -2.385133951902389526e-01 2.841070592403411865e-01 6.714063882827758789e-02 1.570495963096618652e-02
-2.063191235065460205e-01 1.639542132616043091e-01 3.298996686935424805e-01 2.723764628171920776e-02 2.540382444858551025e-01 1.856717318296432495e-01
-6.599664688110351562e-01 7.776960134506225586e-01 -1.011588647961616516e-01 -3.525759279727935791e-02 9.901498258113861084e-02 7.067948579788208008e-02
-4.586400091648101807e-02 -6.388790905475616455e-02 -3.363624215126037598e-01 3.861705780029296875e+00 4.107712209224700928e-02 -1.909609586000442505e-01
2.869376353919506073e-02 1.392564363777637482e-02 4.184045791625976562e-01 -8.539486527442932129e-01 8.235275745391845703e-02 -1.029998585581779480e-01
4.650441557168960571e-02 -3.929158207029104233e-03 -7.450893521308898926e-02 -1.159919142723083496e+00 -4.140705615282058716e-02 -7.783094793558120728e-02
-3.050202429294586182e-01 4.384213984012603760e-01 4.056291654706001282e-03 -7.443038374185562134e-02 -3.034675680100917816e-02 2.274770289659500122e-02
1.507401000708341599e-03 3.998905420303344727e-03 9.451665878295898438e-01 -1.978958547115325928e-01 7.053633779287338257e-02 2.218709699809551239e-02
9.307910799980163574e-01 -4.681572914123535156e-01 -3.604538366198539734e-02 -1.328087132424116135e-02 -9.761393070220947266e-03 1.514846645295619965e-02
-5.134478211402893066e-02 5.635549314320087433e-03 -5.705480575561523438e-01 7.120624929666519165e-02 -3.918513283133506775e-02 2.284038513898849487e-01
-7.950174063444137573e-02 9.184644371271133423e-02 -5.963135957717895508e-01 2.419492602348327637e-01 3.823943436145782471e-01 2.541652694344520569e-02
-5.510574951767921448e-02 6.856846064329147339e-02 4.934043884277343750e-01 -1.444325745105743408e-01 -1.138718724250793457e-01 -1.701733283698558807e-02
8.859759569168090820e-02 6.939474493265151978e-02 5.134238600730895996e-01 -4.286159515380859375e+00 1.552281081676483154e-01 -2.910498678684234619e-01
-4.458258394151926041e-03 -8.166399784386157990e-03 -2.176758460700511932e-02 -3.524533286690711975e-02 -2.439802289009094238e-01 -2.589376270771026611e-01
4.815353546291589737e-03 2.594040893018245697e-02 -5.937590003013610840e-01 2.045387774705886841e-01 5.352410487830638885e-03 -9.786249697208404541e-02
9.404104948043823242e-02 -1.714886873960494995e-01 5.378349423408508301e-01 -4.727788269519805908e-02 7.025321573019027710e-02 3.656161576509475708e-02
9.097889065742492676e-03 -6.702896952629089355e-02 1.090372130274772644e-01 -3.835147917270660400e-01 -4.801770448684692383e-01 -5.128126144409179688e-01
-5.750367641448974609e-01 7.698381543159484863e-01 -1.127895340323448181e-01 1.534152030944824219e-01 5.671065673232078552e-02 9.774626791477203369e-02
2.256886800751090050e-03 4.461144655942916870e-02 -2.257208079099655151e-01 6.478670835494995117e-01 -4.462644457817077637e-02 -3.512239782139658928e-03
-4.106444120407104492e-02 5.526560917496681213e-02 -6.768166422843933105e-01 4.084174335002899170e-02 -2.292193472385406494e-02 2.109955549240112305e-01
-1.198490411043167114e-01 -4.874065890908241272e-02 -2.422324195504188538e-02 2.865507900714874268e-01 -1.592880129814147949e+00 -2.613092958927154541e-01
-3.357708826661109924e-02 -3.604466468095779419e-02 -5.430750921368598938e-02 1.030556917190551758e+00 -9.468049556016921997e-02 2.880796790122985840e-01
4.079658910632133484e-02 5.120734497904777527e-02 -2.582021057605743408e-01 1.099341511726379395e+00 -1.113529801368713379e-01 2.023763954639434814e-01
-5.178844183683395386e-02 2.274557203054428101e-02 1.079234629869461060e-01 -4.379509687423706055e-01 1.048661246895790100e-01 1.394895613193511963e-01
5.855260882526636124e-03 -3.752237558364868164e-02 -5.954460501670837402e-01 1.391542851924896240e-01 -3.527183458209037781e-02 9.502563625574111938e-02
-4.857334867119789124e-02 -1.053399220108985901e-02 -1.339047253131866455e-01 5.186148285865783691e-01 -9.311497211456298828e-02 1.729238331317901611e-01
-4.400630667805671692e-02 7.179377973079681396e-02 -8.709404617547988892e-02 4.414876922965049744e-02 5.930050611495971680e-01 4.899936169385910034e-02
5.646144971251487732e-02 -1.924719102680683136e-02 4.170178174972534180e-01 7.549452036619186401e-02 1.649709492921829224e-01 1.363086253404617310e-01
8.898254483938217163e-02 -1.467447876930236816e-01 1.391307562589645386e-01 1.297836154699325562e-01 -1.300341337919235229e-01 -1.275414377450942993e-01
5.178288742899894714e-02 -6.027906783856451511e-04 -3.754251897335052490e-01 -2.035812377929687500e+00 2.967005729675292969e+00 6.893621683120727539e-01
4.691764712333679199e-01 8.547319471836090088e-02 3.942829668521881104e-01 -1.785094588994979858e-01 7.834034562110900879e-01 5.887386202812194824e-02
5.007313191890716553e-02 -1.247677654027938843e-01 -7.891885042190551758e-01 1.878110021352767944e-01 2.303526550531387329e-01 2.662968039512634277e-01
-4.505739361047744751e-02 2.140682563185691833e-02 -7.708515524864196777e-01 2.194237112998962402e-01 -5.323111265897750854e-02 2.524539232254028320e-01
-2.457667887210845947e-02 3.659443557262420654e-02 3.879820704460144043e-01 -2.698283195495605469e-01 -3.106115572154521942e-02 -8.993802964687347412e-02
4.847680926322937012e-01 1.593328863382339478e-01 -4.527372121810913086e-01 4.529742896556854248e-01 -7.587876170873641968e-02 -7.211244106292724609e-02
1.127723325043916702e-02 -4.791398168890736997e-05 -5.789654254913330078e-01 2.061875462532043457e-01 1.473346054553985596e-01 1.973620243370532990e-02
1.660031527280807495e-01 -1.513762176036834717e-01 -1.889123171567916870e-01 1.182538568973541260e-01 3.711956739425659180e-01 3.139564394950866699e-01
3.223774954676628113e-02 8.380018174648284912e-02 -8.297281861305236816e-01 4.686225414276123047e+00 5.848686695098876953e-01 5.773968100547790527e-01
7.920677214860916138e-02 -7.652940601110458374e-02 3.032297194004058838e-01 -1.264219135046005249e-01 -5.215981602668762207e-01 -7.120565325021743774e-02
-4.776998236775398254e-02 3.755068406462669373e-02 4.843673110008239746e-02 6.244531869888305664e-01 -5.753737315535545349e-02 5.848157405853271484e-02
1.152678132057189941e+00 -1.396833539009094238e+00 -2.232632488012313843e-01 -2.052454054355621338e-01 7.987927794456481934e-01 7.247632741928100586e-01
-2.797523885965347290e-02 6.605391949415206909e-02 9.250744432210922241e-02 -3.146981716156005859e+00 -3.031326532363891602e-01 -3.480163961648941040e-02
-1.272024065256118774e-01 1.529871076345443726e-01 -9.841377735137939453e-01 -2.857286334037780762e-01 1.889678533188998699e-04 6.899870634078979492e-01
-4.647141322493553162e-02 5.851275101304054260e-02 2.380246073007583618e-01 -1.561128050088882446e-01 2.120594233274459839e-01 5.121604800224304199e-01
7.585718482732772827e-02 -3.172061219811439514e-02 9.159637689590454102e-01 -2.306094884872436523e+00 7.094569504261016846e-02 -6.145023554563522339e-02
-2.720877993851900101e-03 8.338962495326995850e-02 -1.058101207017898560e-01 1.185419261455535889e-01 3.410989940166473389e-01 3.338063955307006836e-01
-2.462199144065380096e-02 6.944116950035095215e-02 5.960237979888916016e-01 -1.565196394920349121e+00 2.295349091291427612e-01 1.934966593980789185e-01
1.521318126469850540e-02 -2.079374343156814575e-02 7.998613715171813965e-01 -2.695577442646026611e-01 -3.442794084548950195e-02 -9.469248354434967041e-02
-1.502398215234279633e-02 -4.768022894859313965e-02 3.995790779590606689e-01 -3.516844987869262695e+00 1.292097717523574829e-01 -1.339697688817977905e-01
1.995704136788845062e-02 -7.935490459203720093e-03 -8.764500617980957031e-01 1.254549473524093628e-01 -2.546356320381164551e-01 -2.702187299728393555e-01
-8.527196943759918213e-03 3.123426809906959534e-02 2.562561258673667908e-02 4.486305415630340576e-01 -3.229523003101348877e-01 -1.630148440599441528e-01
-4.632803797721862793e-02 5.725260078907012939e-02 1.754660010337829590e-01 -4.229758679866790771e-01 1.482083946466445923e-01 3.265927135944366455e-01
-5.221100449562072754e-01 3.192460238933563232e-01 -2.795646525919437408e-02 5.306921526789665222e-02 -1.759522780776023865e-02 6.028930097818374634e-02
-7.702700793743133545e-02 -9.499316662549972534e-02 -4.035259783267974854e-01 -5.618197917938232422e-01 -1.848383098840713501e-01 1.453010916709899902e+00
7.487124949693679810e-02 1.049980334937572479e-02 -6.702391505241394043e-01 6.912618875503540039e-02 -3.554714620113372803e-01 -4.835119005292654037e-03
-5.446908622980117798e-02 5.430008471012115479e-02 5.159077644348144531e-01 -1.394456028938293457e-01 5.974395871162414551e-01 1.095656082034111023e-01
3.804380819201469421e-02 3.154549747705459595e-02 -6.187755465507507324e-01 1.680618226528167725e-01 -2.279519289731979370e-01 -7.890392839908599854e-02
1.725185289978981018e-02 -2.253560163080692291e-02 -1.093913614749908447e-01 4.291998445987701416e-01 -3.311983868479728699e-02 -7.557517290115356445e-02
2.282537025166675448e-05 -1.576597988605499268e-02 1.627199500799179077e-01 -4.088100790977478027e-01 7.768033444881439209e-02 -3.224104642868041992e-02
-1.477093528956174850e-02 -8.221349865198135376e-02 1.422901451587677002e-01 4.694446325302124023e-01 -4.497898370027542114e-02 2.471319139003753662e-01
-1.416485607624053955e-01 2.923432551324367523e-02 -5.355862617492675781e+00 9.153276681900024414e-02 -2.350945174694061279e-01 6.459130644798278809e-01
-1.953819394111633301e-02 -8.008459582924842834e-03 -2.702028155326843262e-01 6.075736880302429199e-01 -1.041440144181251526e-01 -4.124897345900535583e-02
-5.281146615743637085e-03 -1.758368313312530518e-02 -3.130184710025787354e-01 6.460887193679809570e-01 -5.480258166790008545e-02 -4.568648524582386017e-03
9.624136984348297119e-02 -1.098410934209823608e-01 -4.162626862525939941e-01 -4.916822165250778198e-02 4.670455306768417358e-02 4.583131670951843262e-01
-2.027180744335055351e-03 3.501787036657333374e-02 3.035356849431991577e-02 -5.459181666374206543e-01 1.928468346595764160e-01 -5.114387348294258118e-02
-3.141145780682563782e-02 2.300154790282249451e-02 2.275909930467605591e-01 -1.140689700841903687e-01 5.691983699798583984e-01 4.066640734672546387e-01
7.555673271417617798e-02 -1.008954197168350220e-01 -1.708954125642776489e-01 3.122844099998474121e-01 -9.783282130956649780e-02 -1.448472142219543457e-01
-4.880143702030181885e-02 -2.316669560968875885e-02 -2.653582096099853516e+00 4.667466580867767334e-01 -9.693726301193237305e-01 -1.010360568761825562e-01
-8.122794330120086670e-03 3.611152246594429016e-02 -7.431630492210388184e-01 1.386756598949432373e-01 8.357816189527511597e-02 4.309857264161109924e-02
2.885608933866024017e-02 -3.471652744337916374e-03 -2.650797367095947266e-01 2.763897180557250977e-01 1.647574007511138916e-01 5.878484994173049927e-02
5.738755688071250916e-02 -8.912361413240432739e-02 -7.074756920337677002e-02 6.821703165769577026e-02 -7.080867420881986618e-03 5.213468074798583984e-01
-2.017250955104827881e-01 2.670278847217559814e-01 -8.238611370325088501e-02 3.588570654392242432e-01 4.589958488941192627e-02 -1.234472915530204773e-02
1.746164076030254364e-02 1.596925593912601471e-02 3.272683918476104736e-01 -1.385549157857894897e-01 -2.470004186034202576e-02 -1.024145483970642090e-01
-1.628934964537620544e-02 -2.828564681112766266e-02 -4.064482748508453369e-01 2.017843723297119141e-01 2.528298459947109222e-02 7.956898957490921021e-02
-1.108841896057128906e-01 7.370387762784957886e-02 -5.740247964859008789e-01 3.387467622756958008e+00 -1.645865291357040405e-01 3.492718636989593506e-01
-6.176523119211196899e-02 -4.169419407844543457e-03 4.340960681438446045e-01 1.332465708255767822e-01 -1.201614886522293091e-01 -1.383718699216842651e-01
-8.192024379968643188e-02 -7.021927088499069214e-02 -1.503930985927581787e-01 1.113323569297790527e+00 1.381966620683670044e-01 5.474298000335693359e-01
-4.551494494080543518e-03 -7.608165498822927475e-03 -4.426739811897277832e-01 1.329720616340637207e-01 -1.214827224612236023e-01 4.934621509164571762e-03
8.545949310064315796e-02 -5.591133236885070801e-02 3.053863346576690674e-02 8.363992571830749512e-01 -1.543361507356166840e-02 3.902170807123184204e-02
1.388614177703857422e+00 -3.773290514945983887e-01 3.897747769951820374e-02 2.969704568386077881e-02 -4.857731983065605164e-02 -2.691700868308544159e-02
3.291552513837814331e-02 9.296685457229614258e-02 -1.427810668945312500e+00 6.956624984741210938e-01 7.872626185417175293e-02 -2.198099792003631592e-01
1.235227100551128387e-02 2.318887598812580109e-02 2.491503059864044189e-01 -3.372615277767181396e-01 -8.366987854242324829e-02 -6.220662593841552734e-02
-6.337510794401168823e-02 -6.834340747445821762e-03 1.089700609445571899e-01 -4.981490671634674072e-01 -1.586935967206954956e-01 1.069446578621864319e-01
2.857029205188155174e-03 -5.900358408689498901e-02 1.976566389203071594e-02 1.846325844526290894e-01 -1.067862153053283691e+00 -1.184148639440536499e-01
-2.990115806460380554e-02 1.830318197607994080e-02 -4.019466936588287354e-01 -2.207981348037719727e-01 -1.023619323968887329e-01 -1.232208907604217529e-01
-9.564488194882869720e-03 1.263289339840412140e-02 -4.267706274986267090e-01 1.733620613813400269e-01 -3.738753125071525574e-02 -4.676257818937301636e-02
-7.924851030111312866e-03 -9.308841079473495483e-03 -7.905995845794677734e-02 5.614675879478454590e-01 -9.471318125724792480e-02 3.559111058712005615e-01
-1.428310479968786240e-02 8.978635072708129883e-03 -1.441450268030166626e-01 2.846702635288238525e-01 -1.554303318262100220e-01 -2.187795937061309814e-01
1.534345373511314392e-02 -8.958698064088821411e-02 -2.640280961990356445e+00 1.735878437757492065e-01 -3.537893667817115784e-02 -1.692480742931365967e-01
-2.329036034643650055e-02 -5.958526581525802612e-02 -5.707123130559921265e-02 -4.343731403350830078e-01 1.069337129592895508e-01 -6.839133501052856445e-01
-3.936831280589103699e-02 -6.956301629543304443e-02 -2.747345209121704102e+00 6.754800677299499512e-01 8.464761823415756226e-02 7.381512522697448730e-01
5.296058580279350281e-02 -2.695742063224315643e-02 1.278560638427734375e+00 -2.093269228935241699e-01 -4.629892297089099884e-03 3.765091300010681152e-02
1.071417480707168579e-01 -5.076948925852775574e-02 -4.232250154018402100e-01 3.035955727100372314e-01 2.189738862216472626e-02 -8.030503243207931519e-02
-7.451926231384277344e+00 -2.917091131210327148e+00 2.434344887733459473e-01 -1.137138754129409790e-01 -5.063758790493011475e-02 1.250954508781433105e+00
-2.275221608579158783e-02 7.504060864448547363e-03 -7.410554289817810059e-01 2.826062440872192383e-01 2.838876971509307623e-04 -1.168760359287261963e-01
-6.505194306373596191e-02 3.092179074883460999e-02 9.951726347208023071e-02 -4.860137104988098145e-01 2.758140265941619873e-01 1.668549180030822754e-01
-5.148281157016754150e-02 6.087422743439674377e-02 -2.156981676816940308e-01 -6.234142780303955078e-01 -2.206078264862298965e-03 -7.568693254142999649e-03
1.010252475738525391e+00 -1.399745702743530273e+00 2.567473053932189941e-02 -2.943007275462150574e-03 -3.581402599811553955e-01 -3.647203743457794189e-01
-1.621762067079544067e-01 7.751473784446716309e-02 7.304031848907470703e-01 1.961154490709304810e-01 9.333505630493164062e-01 1.890602707862854004e+00
-3.068936057388782501e-03 -2.698275260627269745e-02 -1.090897992253303528e-01 4.951401054859161377e-01 4.767825901508331299e-01 1.043482050299644470e-01
-1.194361597299575806e-02 -5.579597875475883484e-02 2.745703756809234619e-01 -1.969438791275024414e-01 -5.004726052284240723e-01 -9.109130501747131348e-02
-2.273735404014587402e-02 -6.798924878239631653e-03 -4.760096967220306396e-02 3.892813026905059814e-01 -1.514871120452880859e-01 -1.535799652338027954e-01
-3.251825692132115364e-03 -2.558196429163217545e-04 9.748043119907379150e-02 5.401703119277954102e-01 1.661150753498077393e-01 1.177449002861976624e-01
-3.108285367488861084e-01 -7.334932684898376465e-02 4.345894232392311096e-02 6.320250779390335083e-02 5.461305379867553711e-01 4.469583988189697266e+00
-7.896073162555694580e-02 1.262361109256744385e-01 9.821400046348571777e-02 1.702580899000167847e-01 3.470057547092437744e-01 2.127319872379302979e-01
-8.549846708774566650e-02 9.322611242532730103e-02 -6.165588647127151489e-02 4.601223170757293701e-01 3.228308260440826416e-02 4.535772651433944702e-02
7.252210378646850586e-01 -4.986809194087982178e-01 -7.856494188308715820e-02 -1.433970220386981964e-02 7.749310135841369629e-02 2.514794468879699707e-02
-3.361656097695231438e-03 4.841343965381383896e-03 3.511995673179626465e-01 1.076305098831653595e-02 -1.542644053697586060e-01 -4.840274751186370850e-01
6.019362807273864746e-02 -8.330794051289558411e-03 3.422691822052001953e-01 -5.628374218940734863e-01 -1.405512243509292603e-01 1.312942523509263992e-02
-3.179867193102836609e-02 4.064061492681503296e-02 -2.158699743449687958e-02 -4.888191521167755127e-01 -1.314304023981094360e-01 -1.024601981043815613e-01
-3.813476068899035454e-03 7.706055790185928345e-02 6.350765228271484375e-01 -2.912519276142120361e-01 -1.377764344215393066e-01 -2.296439558267593384e-01
-7.533831149339675903e-02 5.434021726250648499e-02 5.529037863016128540e-02 -4.650759398937225342e-01 -1.825020089745521545e-02 2.401717938482761383e-02
1.673841103911399841e-02 -2.140510827302932739e-02 -4.307132661342620850e-01 3.858779966831207275e-01 2.510968446731567383e-01 -4.924567788839340210e-02
1.685253530740737915e-02 -3.236765041947364807e-02 -1.833606809377670288e-01 5.308285728096961975e-02 9.337331652641296387e-01 -1.686484664678573608e-01
3.983340226113796234e-03 -2.996434271335601807e-02 1.725339144468307495e-01 -8.553975820541381836e-01 -1.524138152599334717e-01 -8.594942837953567505e-02
-3.779515391215682030e-03 -6.132009439170360565e-03 -2.614954710006713867e-01 6.624503135681152344e-01 5.230730865150690079e-03 6.438802927732467651e-02
4.619660228490829468e-02 4.031367599964141846e-03 -3.669274747371673584e-01 -4.608923196792602539e-02 -8.023861795663833618e-02 4.719599783420562744e-01
9.221209213137626648e-03 1.244118958711624146e-01 1.647631824016571045e-01 7.769601792097091675e-02 -4.396075010299682617e-01 -4.186055064201354980e-01
-4.327042773365974426e-02 8.428891189396381378e-03 8.829377889633178711e-01 -1.775800138711929321e-01 -1.543398946523666382e-02 -2.850791998207569122e-02
-6.419687066227197647e-03 -7.615466602146625519e-03 3.249196335673332214e-03 9.227105379104614258e-01 -9.779717773199081421e-02 -1.569024622440338135e-01
1.087795663625001907e-02 1.740225823596119881e-03 -7.338256239891052246e-01 9.855121374130249023e-02 -4.037234932184219360e-02 2.120730280876159668e-02
-5.606389790773391724e-02 -5.931818485260009766e-02 -1.014042496681213379e+00 3.176614046096801758e-01 -1.528773158788681030e-01 -8.207847923040390015e-02
-5.064663887023925781e-01 9.147793054580688477e-01 1.354244798421859741e-01 -1.766915433108806610e-02 2.840676344931125641e-02 2.183506637811660767e-01
5.306254699826240540e-02 -7.977268658578395844e-03 -4.342455565929412842e-01 2.083985805511474609e-01 -3.248949944972991943e-01 -1.354454308748245239e-01
2.209767699241638184e-02 -2.781867422163486481e-02 2.638541936874389648e+00 -4.917521029710769653e-02 2.972373247146606445e+00 3.718857169151306152e-01
-4.278836846351623535e-01 6.726602315902709961e-01 2.421092707663774490e-03 1.478616613894701004e-03 -4.701190069317817688e-02 -1.205303519964218140e-02
3.639473766088485718e-02 -2.541748061776161194e-02 5.619536712765693665e-02 -4.439147710800170898e-01 2.430650442838668823e-01 4.080511033535003662e-01
2.384450286626815796e-02 8.380290120840072632e-03 -5.907291173934936523e-01 1.366596221923828125e-01 2.118778601288795471e-02 -1.463238447904586792e-01
-4.907859023660421371e-03 -1.840899349190294743e-03 -3.465848267078399658e-01 3.151698112487792969e-01 -6.091425195336341858e-02 -1.877283491194248199e-02
1.580485329031944275e-02 3.541484102606773376e-02 -1.229533851146697998e-01 5.571219325065612793e-01 4.435482248663902283e-02 2.248283103108406067e-02
1.760422140359878540e-01 -8.845976553857326508e-03 -1.740613132715225220e-01 -1.314888954162597656e+00 3.612864017486572266e-01 -1.150729417800903320e+00
-1.821919530630111694e-02 -8.709237724542617798e-02 1.472494602203369141e+00 -2.442374229431152344e-01 1.015586853027343750e-01 2.811967395246028900e-02
7.023393642157316208e-03 2.469036728143692017e-02 3.615629971027374268e-01 2.117610871791839600e-01 3.762719333171844482e-01 4.594688117504119873e-01
-4.184817895293235779e-02 1.255454495549201965e-02 1.301789999008178711e+00 4.913925528526306152e-01 -1.434921175241470337e-01 -3.003813698887825012e-02
-6.899093836545944214e-02 5.077016726136207581e-02 1.038744807243347168e+00 -1.155795082449913025e-01 1.246825680136680603e-01 4.578069597482681274e-02
6.879509240388870239e-02 -6.905739754438400269e-02 4.305942729115486145e-02 -6.167459487915039062e-01 -2.829367853701114655e-02 2.207114249467849731e-01
-2.248674392700195312e+00 2.763159036636352539e+00 -2.521904185414314270e-02 3.116452135145664215e-04 1.768510818481445312e+00 1.007293701171875000e+00
-4.508248716592788696e-02 9.855998307466506958e-02 -3.510110855102539062e+00 -1.926348730921745300e-02 2.133219242095947266e-01 2.676554322242736816e-01
7.671120017766952515e-02 -4.179480951279401779e-03 3.858134150505065918e-01 -3.435744047164916992e-01 -3.904724027961492538e-03 -1.787086762487888336e-02
5.278446897864341736e-02 -1.527430862188339233e-01 1.000547856092453003e-01 3.101274073123931885e-01 8.884937316179275513e-02 5.921070575714111328e-01
2.580430805683135986e-01 -1.502936631441116333e-01 3.089266121387481689e-01 5.396678447723388672e-01 1.285060197114944458e-01 1.748387585394084454e-03
1.134656667709350586e-01 4.710061103105545044e-02 1.356313467025756836e+00 -2.462984621524810791e-01 9.145678579807281494e-02 -1.430294960737228394e-01
2.176366746425628662e-02 -2.098746038973331451e-02 -2.518753707408905029e-01 2.098818123340606689e-01 1.943558305501937866e-01 1.544682979583740234e-01
2.890720665454864502e-01 -3.984589576721191406e-01 -1.836732611991465092e-03 -5.545324087142944336e-02 -5.101545248180627823e-03 -5.341108888387680054e-02
-4.899450391530990601e-02 7.162784039974212646e-02 -2.337221987545490265e-02 1.107251346111297607e-01 3.390727043151855469e-01 2.428842782974243164e-01
-8.689367771148681641e-01 6.373045444488525391e-01 2.910530939698219299e-02 -6.130658090114593506e-03 7.045149803161621094e-02 1.334713250398635864e-01
-2.521019801497459412e-02 2.286493405699729919e-02 5.026076436042785645e-01 -2.731205224990844727e-01 3.014239668846130371e-02 -7.517942041158676147e-02
-3.285925835371017456e-03 5.881294608116149902e-02 3.781919479370117188e-01 -3.101681232452392578e+00 -1.407618522644042969e-01 -2.585358023643493652e-01
-1.183414459228515625e-02 -5.177281796932220459e-02 -1.108602643013000488e+00 -1.954647004604339600e-01 -3.334865570068359375e-01 -1.627565920352935791e-01
7.348798215389251709e-02 -7.520667463541030884e-02 1.265148222446441650e-01 -3.852460086345672607e-01 6.768216490745544434e-01 7.650402840226888657e-03
3.475149162113666534e-03 4.863867536187171936e-02 -1.176416397094726562e+00 -2.524811327457427979e-01 1.893378049135208130e-01 1.053631827235221863e-01
-3.581012412905693054e-02 7.182231545448303223e-02 -3.704363703727722168e-01 -8.154618740081787109e-02 8.506624400615692139e-02 1.655839942395687103e-02
3.903621062636375427e-02 3.513015806674957275e-02 -1.129798144102096558e-01 2.304110527038574219e+00 -2.415250539779663086e-01 -9.821153432130813599e-02
2.967280894517898560e-02 -1.923074945807456970e-02 -7.649069428443908691e-01 1.134170591831207275e-01 -3.107729181647300720e-02 2.375715784728527069e-02
-2.052888460457324982e-02 9.246372431516647339e-02 -2.397938817739486694e-01 2.273816913366317749e-01 4.371350109577178955e-01 3.664502128958702087e-02
-8.474477529525756836e-01 5.287275314331054688e-01 5.819122120738029480e-02 2.091003395617008209e-02 1.218178346753120422e-01 2.581296563148498535e-01
-8.221907913684844971e-02 -2.474650554358959198e-02 7.488545030355453491e-02 -1.512028574943542480e-01 -5.074015855789184570e-01 2.383969545364379883e+00
-1.094880849123001099e-01 -3.768021240830421448e-02 -2.328183799982070923e-01 -2.335196733474731445e+00 3.251353502273559570e-01 8.271352648735046387e-01
-5.538649111986160278e-02 -1.672469661571085453e-04 -6.569091677665710449e-01 1.263507008552551270e-01 -1.434823572635650635e-01 -9.549065679311752319e-02
8.785349200479686260e-04 -7.784718275070190430e-02 1.138339161872863770e+00 -1.917328357696533203e+00 -1.091740578413009644e-01 -1.895265430212020874e-01
4.841258749365806580e-02 -2.688277140259742737e-02 2.618186473846435547e-01 -2.970377206802368164e-01 1.013261303305625916e-01 1.808505803346633911e-01
3.511553630232810974e-02 3.578416630625724792e-02 -2.177858203649520874e-01 1.029291510581970215e+00 4.560446366667747498e-03 2.862025052309036255e-02
-1.507701724767684937e-02 3.003924898803234100e-02 2.319624572992324829e-01 6.322585940361022949e-01 5.163358524441719055e-02 -7.736881822347640991e-02
1.598805189132690430e-01 -1.930587738752365112e-01 -7.113752365112304688e-01 2.017707109451293945e+00 3.435206115245819092e-01 -6.186759565025568008e-03
-1.146644428372383118e-01 9.418819099664688110e-02 -1.513801068067550659e-01 2.210522890090942383e-01 -3.861073553562164307e-01 -1.491395235061645508e-01
1.885635778307914734e-02 2.132289344444870949e-03 -9.230298995971679688e-01 1.222385540604591370e-01 -5.347862467169761658e-02 -6.094346567988395691e-02
-2.589646279811859131e-01 1.344634443521499634e-01 7.332255840301513672e-01 1.470404267311096191e-01 -1.760219782590866089e-01 4.394152164459228516e-01
-3.979210928082466125e-02 5.935883149504661560e-02 1.029279530048370361e-01 -4.684151411056518555e-01 -1.123199239373207092e-01 -1.806235313415527344e-01
1.698496565222740173e-02 -2.387888357043266296e-02 7.728108167648315430e-01 -8.752491325139999390e-02 -8.798151277005672455e-03 3.787281690165400505e-03
-6.484799087047576904e-02 1.808979175984859467e-02 -2.030054479837417603e-01 1.324729323387145996e+00 1.773068867623806000e-02 -3.184327110648155212e-02
4.656333848834037781e-02 -8.590843528509140015e-02 7.681030035018920898e-01 -2.392932325601577759e-01 -7.053466141223907471e-02 -2.529998496174812317e-02
1.826080679893493652e-02 -4.685354977846145630e-02 3.318324387073516846e-01 -1.622884869575500488e-01 -1.937095373868942261e-01 -1.533733159303665161e-01
3.517666086554527283e-02 -1.397189311683177948e-02 -4.889297783374786377e-01 2.766227722167968750e-01 8.881488814949989319e-03 4.646195098757743835e-02
-3.313498944044113159e-02 5.449265614151954651e-02 2.068365812301635742e-01 1.330677509307861328e+00 1.050011664628982544e-01 1.035639271140098572e-01
-1.644538366235792637e-03 2.022673375904560089e-02 -1.892917901277542114e-01 -1.823407411575317383e-02 7.795055955648422241e-02 -5.611978769302368164e-01
-1.338973175734281540e-03 -3.359491005539894104e-02 8.964273929595947266e-01 -2.244969010353088379e-01 4.784272518008947372e-03 2.670449391007423401e-02
-1.799411512911319733e-02 -6.862252485007047653e-03 -8.883918523788452148e-01 7.954274863004684448e-02 -3.244283795356750488e-02 1.166912913322448730e-01
2.634922266006469727e-01 -1.128652691841125488e-01 -1.567400842905044556e-01 2.578992545604705811e-01 -9.038083255290985107e-03 1.780002117156982422e+00
4.220098629593849182e-02 3.134453296661376953e-02 3.669546246528625488e-01 -6.770427525043487549e-02 -2.036384493112564087e-01 -3.688865602016448975e-01
-4.166861250996589661e-02 3.306515142321586609e-02 8.044048547744750977e-01 2.373339384794235229e-01 -1.193271502852439880e-01 -2.537641823291778564e-01
-3.087272495031356812e-02 -3.060419484972953796e-02 -3.607206046581268311e-01 1.802227795124053955e-01 -5.015067383646965027e-02 -1.160521209239959717e-01
-1.379451304674148560e-01 -1.075590774416923523e-01 -7.590833120048046112e-03 1.017780661582946777e+00 3.369922339916229248e-01 6.359432697296142578e+00
-4.488432034850120544e-02 4.375449568033218384e-02 2.344008833169937134e-01 -2.300245761871337891e-01 4.812781512737274170e-02 -1.620721071958541870e-01
-8.216346800327301025e-02 -7.646329700946807861e-03 -2.795606553554534912e-01 1.582278907299041748e-01 -1.262113153934478760e-01 4.291417896747589111e-01
1.840522438287734985e-01 -9.181381762027740479e-02 2.730622291564941406e-01 -4.990359246730804443e-01 2.489865124225616455e-01 2.684532701969146729e-01
-6.423743069171905518e-02 6.105003133416175842e-02 1.778589189052581787e-02 4.464447975158691406e+00 7.249754667282104492e-01 5.147510766983032227e-01
6.560985348187386990e-04 -3.473978862166404724e-02 -3.940007984638214111e-01 -8.355418592691421509e-02 2.183312922716140747e-01 1.519454568624496460e-01
-3.703928291797637939e-01 -1.204409543424844742e-02 5.131114482879638672e+00 8.537661433219909668e-01 4.218876659870147705e-01 4.147352218627929688e+00
-2.675903141498565674e-01 -6.472074985504150391e-01 -8.489139378070831299e-02 1.699630767107009888e-01 1.590230017900466919e-01 1.101398468017578125e-01
-9.246015548706054688e-02 1.460210606455802917e-02 3.385963439941406250e-01 -3.596494495868682861e-01 6.701909750699996948e-02 -5.198939517140388489e-02
1.501660346984863281e-01 -1.491995751857757568e-01 2.924259305000305176e-01 -6.461913883686065674e-02 -1.598417907953262329e-01 -1.246045529842376709e-01
2.768515944480895996e-01 -2.462659925222396851e-01 -1.605910807847976685e-02 -7.383909821510314941e-02 1.900344528257846832e-02 2.885432541370391846e-02
-1.511666737496852875e-02 -2.521838620305061340e-02 -3.046347759664058685e-03 -5.650483369827270508e-01 -5.693521350622177124e-02 -1.309523582458496094e-01
2.999102354049682617e+00 -3.339023590087890625e+00 1.513279080390930176e-01 -1.774889379739761353e-01 -2.804698646068572998e-01 5.609141588211059570e-01
8.394363522529602051e-02 -3.079995326697826385e-02 6.366342306137084961e-02 -7.489145398139953613e-01 3.834686428308486938e-02 -3.001038730144500732e-01
1.253754738718271255e-02 4.407007992267608643e-02 1.492641568183898926e+00 -3.859087526798248291e-01 2.717210352420806885e-01 2.249639630317687988e-01
1.459898203611373901e-01 8.715891093015670776e-02 3.760963439941406250e+00 1.403193473815917969e-01 1.002030447125434875e-01 1.643485724925994873e-01
-4.085329547524452209e-02 3.533506393432617188e-02 -2.295557409524917603e-01 4.100307822227478027e-01 -3.769621625542640686e-02 5.912204086780548096e-02
3.569992259144783020e-03 -7.000826764851808548e-03 1.342560887336730957e+00 -2.629700601100921631e-01 1.140762306749820709e-02 7.902873307466506958e-02
4.694316536188125610e-03 -2.351809758692979813e-03 -2.840751111507415771e-01 1.238653883337974548e-01 -3.240219950675964355e-01 -9.902830421924591064e-02
-6.429100781679153442e-02 -8.816603571176528931e-03 6.108156442642211914e-01 -2.040933966636657715e-01 9.838066995143890381e-02 -5.640728771686553955e-02
3.443552926182746887e-02 -6.155782844871282578e-03 -3.164583742618560791e-01 1.040184944868087769e-01 2.765955328941345215e-01 3.830848336219787598e-01
4.486486613750457764e-01 -1.351807415485382080e-01 2.827751040458679199e-01 -3.839627206325531006e-01 -5.432356595993041992e-01 9.234593510627746582e-01
-1.070920526981353760e-01 4.663740098476409912e-02 2.290931344032287598e-01 -5.892766118049621582e-01 2.441630363464355469e-01 2.538538873195648193e-01
-7.193218450993299484e-03 2.595086768269538879e-02 -8.152710646390914917e-02 -5.545845031738281250e-01 6.953633576631546021e-02 1.538476198911666870e-01
-5.116463825106620789e-02 7.056908216327428818e-04 -6.091094613075256348e-01 6.440910696983337402e-02 2.171070501208305359e-02 -1.793677685782313347e-03
8.359044790267944336e-03 -1.518406672403216362e-03 -6.092137694358825684e-01 -2.907088026404380798e-02 -2.324334681034088135e-01 -7.616985589265823364e-02
1.187877133488655090e-01 -8.271989226341247559e-02 2.279567271471023560e-01 -2.527501583099365234e-01 6.909452676773071289e-01 4.430539608001708984e-01
-2.097496297210454941e-03 5.237300693988800049e-02 6.352351307868957520e-01 -5.680650472640991211e-02 -3.664988279342651367e-01 2.641126327216625214e-02
-3.153788745403289795e-01 4.801075756549835205e-01 3.032478094100952148e-01 6.379800289869308472e-02 -1.303276866674423218e-01 -1.301920861005783081e-01
1.919151400215923786e-03 8.198661729693412781e-03 2.435619831085205078e-01 -2.266385704278945923e-01 -3.123720884323120117e-01 -1.285174041986465454e-01
-1.900626346468925476e-02 -1.074757277965545654e-01 -4.427625536918640137e-01 3.875050842761993408e-01 -5.678372457623481750e-02 8.885777592658996582e-01
-4.695867747068405151e-02 5.210845544934272766e-02 2.387474030256271362e-01 -5.748825669288635254e-01 -1.090456452220678329e-02 9.057659655809402466e-03
-4.785530641674995422e-02 -5.349634680896997452e-03 -1.606902480125427246e-02 8.714810013771057129e-01 3.056420199573040009e-02 1.946740299463272095e-01
-1.922236382961273193e-02 -1.057982351630926132e-02 -1.787001192569732666e-01 1.884315460920333862e-01 7.307868599891662598e-01 7.683344483375549316e-01
-3.385414183139801025e-02 9.408553689718246460e-02 -3.764047101140022278e-02 -1.107794232666492462e-02 -2.777537107467651367e-01 1.096931219100952148e+00
-1.863087415695190430e-01 5.082989335060119629e-01 -5.089884996414184570e-01 1.474051624536514282e-01 -3.436414599418640137e-01 8.363835334777832031e+00
3.092623315751552582e-02 1.122323572635650635e-01 3.969111293554306030e-02 4.933235794305801392e-02 1.441335916519165039e+00 -1.004826799035072327e-01
4.399663209915161133e-02 -2.062345109879970551e-02 -1.311311572790145874e-01 2.209308296442031860e-01 -1.232720762491226196e-01 -8.722272515296936035e-02
2.187081798911094666e-02 1.633087098598480225e-01 2.963873371481895447e-02 -1.900373101234436035e-01 8.493592590093612671e-02 6.078749895095825195e-01
6.253891624510288239e-03 -4.620875045657157898e-02 -6.354383230209350586e-01 9.777473658323287964e-02 -9.504252672195434570e-02 1.024081781506538391e-01
5.535984039306640625e-02 2.557380497455596924e-01 6.293715834617614746e-01 -5.963897705078125000e+00 8.834903836250305176e-01 2.199869871139526367e+00
-1.892359694465994835e-03 3.059531748294830322e-02 9.495037049055099487e-02 1.296574950218200684e+00 8.598136901855468750e-02 5.155856162309646606e-02
8.853433281183242798e-02 -1.328566819429397583e-01 -2.075004726648330688e-01 1.742816865444183350e-01 -7.902018725872039795e-02 9.087940305471420288e-02
2.973376028239727020e-02 -5.006963014602661133e-02 -3.467670083045959473e-01 6.333353519439697266e-01 -3.972659632563591003e-02 4.619128629565238953e-02
-3.886263668537139893e-01 2.481923401355743408e-01 2.651773625984787941e-03 -2.165703661739826202e-02 2.255466533824801445e-03 -2.402207627892494202e-02
1.060396991670131683e-02 -5.858523305505514145e-03 1.162449344992637634e-01 -4.879708290100097656e-01 6.391120702028274536e-02 8.156904578208923340e-02
5.122988298535346985e-02 -1.308347936719655991e-02 -6.802511215209960938e-01 2.710344791412353516e-01 -2.485464513301849365e-02 1.643786728382110596e-01
-4.338229596614837646e-01 4.379934966564178467e-01 -1.308566778898239136e-01 -2.988575026392936707e-02 3.860757946968078613e-01 5.177235603332519531e-01
3.988627791404724121e-01 -3.249442577362060547e-01 -1.701753586530685425e-01 -1.272380258888006210e-02 -3.466108173597604036e-04 2.401458173990249634e-01
2.269846946001052856e-02 -1.706565022468566895e-01 1.928586661815643311e-01 -7.213690876960754395e-01 -1.232625450938940048e-03 -1.119328290224075317e-02
9.782484918832778931e-02 1.919280588626861572e-01 3.932472169399261475e-01 -5.748562216758728027e-01 3.882149934768676758e+00 1.458745300769805908e-01
-3.950236737728118896e-02 1.201868057250976562e-02 1.840295791625976562e-01 -6.415790319442749023e-01 9.917815029621124268e-02 -7.360791787505149841e-03
-2.452607266604900360e-02 1.996803842484951019e-02 1.931872069835662842e-01 -3.375255763530731201e-01 3.155824169516563416e-02 4.349541291594505310e-02
4.566691070795059204e-02 -6.814900040626525879e-02 8.566110581159591675e-02 6.534951329231262207e-01 -1.157728061079978943e-01 -7.851039618253707886e-02
2.057057619094848633e-02 1.307075563818216324e-02 -2.159037441015243530e-01 3.903691172599792480e-01 -8.098016493022441864e-03 -5.951765179634094238e-02
-1.030729245394468307e-02 1.123334392905235291e-01 -1.246773153543472290e-01 2.777875185012817383e+00 5.209363251924514771e-02 5.855553969740867615e-02
3.949106037616729736e-01 -2.716342806816101074e-01 4.148348793387413025e-02 1.295706629753112793e+00 4.335128366947174072e-01 8.991973847150802612e-02
1.665184646844863892e-02 3.682801616378128529e-04 -8.699496835470199585e-02 1.230476424098014832e-01 -3.226337730884552002e-01 -1.570073813199996948e-01
-4.808126389980316162e-02 5.312498658895492554e-02 -4.850105345249176025e-01 -1.200672015547752380e-01 1.017809510231018066e-01 2.365475893020629883e-01
-1.567860603332519531e+00 1.423422574996948242e+00 3.646909445524215698e-02 -4.094918817281723022e-02 -2.914120554924011230e-01 -8.518574386835098267e-02
2.216352894902229309e-02 4.238719120621681213e-02 -2.233725786209106445e+00 5.779605507850646973e-01 -5.460065603256225586e-02 -2.336025089025497437e-01
-5.310674905776977539e-01 3.621421456336975098e-01 -1.705566346645355225e-01 2.913135103881359100e-02 -5.565680563449859619e-03 -6.635575555264949799e-04
-2.440113015472888947e-02 2.127213589847087860e-02 2.437427937984466553e-01 -4.795498549938201904e-01 -4.577307030558586121e-03 1.483046263456344604e-01
1.437688362784683704e-03 -1.109472825191915035e-03 8.217786997556686401e-02 -9.544566869735717773e-01 6.340063810348510742e-01 7.475822418928146362e-02
-1.276363804936408997e-02 -6.145828589797019958e-02 1.505444347858428955e-01 5.634747743606567383e-01 1.928972005844116211e-01 2.364350557327270508e-01
8.047793805599212646e-02 -1.946660690009593964e-02 4.594094455242156982e-01 -4.163192585110664368e-02 6.178435310721397400e-02 1.221355050802230835e-02
-2.712024003267288208e-02 -2.647925354540348053e-02 4.701563417911529541e-01 7.647927105426788330e-02 1.441685110330581665e-01 1.550983339548110962e-01
4.095081686973571777e-01 -5.996480584144592285e-01 -2.766216173768043518e-02 -1.229552030563354492e-01 8.930032700300216675e-02 3.200054168701171875e-02
2.368004247546195984e-02 1.650457829236984253e-02 2.475770473480224609e+00 -1.409011334180831909e-01 -1.976222498342394829e-03 -8.505848050117492676e-02
-7.669155299663543701e-02 -4.584418237209320068e-02 -3.672907948493957520e-01 6.551465392112731934e-02 -4.629295766353607178e-01 -2.699029445648193359e-01
-6.835953146219253540e-02 1.033701598644256592e-01 -2.910372316837310791e-01 -3.346956372261047363e-01 1.147217988967895508e+00 -8.136142790317535400e-02
-3.764769434928894043e-02 1.636352017521858215e-02 -2.399201095104217529e-01 9.869212508201599121e-01 -6.146368756890296936e-02 1.365008950233459473e-01
-9.994109869003295898e-01 7.474636435508728027e-01 5.407352373003959656e-02 2.521545812487602234e-02 -1.857862472534179688e-01 -4.090469181537628174e-01
2.424568869173526764e-03 -2.507327124476432800e-02 1.103204965591430664e+00 -8.128175139427185059e-02 1.254561841487884521e-01 2.619511820375919342e-02
-1.111521869897842407e-01 8.048838376998901367e-02 9.991918504238128662e-02 2.446355968713760376e-01 4.413290619850158691e-01 3.621297180652618408e-01
7.929801940917968750e-02 -4.175646975636482239e-02 -1.466430723667144775e-01 4.188086092472076416e-02 -4.937016665935516357e-01 3.875831663608551025e-01
-1.621705852448940277e-02 -3.441255539655685425e-02 1.368504911661148071e-01 -2.193797588348388672e+00 -5.939085781574249268e-02 -2.511342167854309082e-01
2.414658479392528534e-02 2.561791799962520599e-02 -2.885964214801788330e-01 2.380418330430984497e-01 1.079387664794921875e-01 -1.079093664884567261e-01
-1.593196988105773926e-01 4.547318909317255020e-03 -1.218395158648490906e-01 2.283797115087509155e-01 -3.071858286857604980e-01 -2.285006940364837646e-01
-1.818570122122764587e-02 1.515509001910686493e-02 2.413049489259719849e-01 -3.242313861846923828e-01 -8.330649137496948242e-02 -3.156993165612220764e-02
-6.207187846302986145e-02 -2.524590492248535156e-02 -3.044369220733642578e-01 3.087521530687808990e-02 -1.667097359895706177e-01 -6.083086729049682617e-01
3.587131854146718979e-03 -3.766562789678573608e-02 6.163526177406311035e-01 -7.992917299270629883e-02 -1.811069995164871216e-02 -6.239129696041345596e-03
-3.271128609776496887e-02 3.599860891699790955e-02 -2.138912379741668701e-01 1.855083227157592773e+00 5.924767851829528809e-01 -1.641391664743423462e-01
-3.755620867013931274e-02 9.229616820812225342e-02 1.624466419219970703e+00 -3.661890923976898193e-01 -1.768636256456375122e-01 -8.237516283988952637e-01
5.137473717331886292e-02 6.963285151869058609e-03 3.691656589508056641e-01 -9.587452560663223267e-02 2.854721620678901672e-02 5.175603628158569336e-01
-2.102031745016574860e-02 -8.928528986871242523e-03 3.302743136882781982e-01 -2.217214584350585938e+00 4.067115485668182373e-02 -7.221885770559310913e-02
-1.660922542214393616e-02 -1.984101161360740662e-02 1.692561358213424683e-01 -6.848155856132507324e-01 2.774232812225818634e-02 -5.668484792113304138e-02
5.363588780164718628e-02 -1.549482811242341995e-02 2.242171764373779297e-01 -7.928529381752014160e-01 3.242525458335876465e-02 -1.643877923488616943e-01
-8.622488975524902344e-01 9.836465716361999512e-01 -1.549031119793653488e-02 7.611324638128280640e-02 3.238339349627494812e-02 -6.683658808469772339e-02
-3.370729088783264160e-01 2.670799493789672852e-01 2.368155568838119507e-01 -1.587443202733993530e-01 8.215088248252868652e-01 -1.166584268212318420e-01
-6.811838131397962570e-03 5.409253761172294617e-03 2.455213665962219238e-01 -4.017495810985565186e-01 -8.608149737119674683e-02 -8.875229954719543457e-02
2.845618687570095062e-02 1.540390495210886002e-02 4.350647926330566406e-01 -3.303799152374267578e+00 -2.493264377117156982e-01 6.387268006801605225e-02
2.378976717591285706e-02 -1.461907476186752319e-01 1.435633778572082520e+00 9.310024380683898926e-01 8.545120239257812500e+00 1.836803197860717773e+00
-1.185270026326179504e-02 5.166998505592346191e-02 2.382200002670288086e+00 -4.605904817581176758e-01 2.353939712047576904e-01 -7.742893695831298828e-02
-9.315852522850036621e-01 1.399235010147094727e+00 2.020558528602123260e-02 -1.204116493463516235e-01 -9.075931906700134277e-01 -6.288540959358215332e-01
3.201165497303009033e-01 -2.753668725490570068e-01 1.019758656620979309e-01 -2.179512828588485718e-01 3.051118850708007812e-01 -1.173725500702857971e-01
-1.415031403303146362e-02 2.653089351952075958e-03 -4.093553721904754639e-01 2.071392536163330078e-01 -1.520348489284515381e-01 -6.090189144015312195e-02
1.100153684616088867e+00 -1.021351933479309082e+00 -2.029944360256195068e-01 -4.171576350927352905e-02 6.774538159370422363e-01 5.342051982879638672e-01
-3.021269850432872772e-02 -4.292311612516641617e-03 -5.630721449851989746e-01 1.134671121835708618e-01 -6.975202262401580811e-02 -3.785344585776329041e-02
8.760673552751541138e-02 -5.909128114581108093e-02 -3.205694556236267090e-01 5.498581007122993469e-02 3.344261348247528076e-01 3.162095248699188232e-01
-2.364353649318218231e-02 1.472134888172149658e-01 1.714958250522613525e-01 -1.207979097962379456e-01 4.629711210727691650e-01 2.333083599805831909e-01
-9.847914427518844604e-02 9.670453146100044250e-03 -8.624503016471862793e-02 -1.134127676486968994e-01 7.248597741127014160e-01 -1.914011538028717041e-01
-1.350250240648165345e-04 -3.366996347904205322e-02 -1.524575114250183105e+00 4.852752685546875000e-01 -5.557920038700103760e-02 -1.235907375812530518e-01
-8.242353796958923340e-03 1.020835191011428833e-01 -4.346719384193420410e-01 -6.623360514640808105e-01 -2.078610360622406006e-01 1.476044058799743652e+00
-1.346486620604991913e-02 -1.233841013163328171e-02 -3.884873986244201660e-01 1.219947859644889832e-01 4.298266023397445679e-02 1.385605484247207642e-01
-4.053448140621185303e-02 2.160820178687572479e-02 1.199787184596061707e-01 -1.035589337348937988e+00 -7.020676136016845703e-02 -1.242817416787147522e-01
5.196502804756164551e-01 -3.453900218009948730e-01 -1.414088606834411621e-01 1.699751615524291992e-01 -1.800927519798278809e-01 -5.172431468963623047e-02
4.637550935149192810e-02 -5.033721774816513062e-02 -5.784992575645446777e-01 2.357829809188842773e-01 -1.154663693159818649e-02 -8.806674182415008545e-02
-4.647882655262947083e-02 4.929142072796821594e-02 5.740238428115844727e-01 -2.646704018115997314e-01 2.118180394172668457e-01 4.583316296339035034e-02
3.815749660134315491e-02 -8.475329726934432983e-02 1.771734207868576050e-01 -2.706571295857429504e-02 -2.836040556430816650e-01 -1.092477321624755859e+00
4.863699525594711304e-02 -7.772667333483695984e-03 -4.710329174995422363e-01 1.757612973451614380e-01 4.091938212513923645e-02 -1.392536237835884094e-02
-3.214325010776519775e-02 -1.956321997568011284e-03 -1.788408607244491577e-01 7.185535430908203125e-01 1.316408962011337280e-01 1.330333063378930092e-03
-1.947083696722984314e-02 3.122079558670520782e-02 5.616669058799743652e-01 -2.301660478115081787e-01 9.147845953702926636e-02 2.598001621663570404e-02
-5.412934720516204834e-02 9.359623491764068604e-02 -1.952355355024337769e-01 2.248052805662155151e-01 -4.989817738533020020e-03 2.530826069414615631e-02
1.915725995786488056e-03 5.396293709054589272e-04 -6.385205388069152832e-01 1.659221649169921875e-01 -6.237886846065521240e-03 5.144394561648368835e-02
1.975979059934616089e-01 2.574983984231948853e-02 9.832924008369445801e-01 4.237446784973144531e-01 1.186762452125549316e+00 3.147179603576660156e+00
-1.036366522312164307e-01 -6.493266671895980835e-03 7.570134103298187256e-02 -5.268861725926399231e-02 1.279949843883514404e-01 5.947251915931701660e-01
9.255128912627696991e-03 3.256098181009292603e-02 5.570017099380493164e-01 -3.414927124977111816e-01 9.295167028903961182e-02 2.551726400852203369e-01
2.807248942553997040e-02 -1.965531706809997559e-02 2.351526543498039246e-02 3.197691738605499268e-01 -2.405060082674026489e-01 -9.192159771919250488e-02
-2.837425330653786659e-03 -2.401498379185795784e-03 1.429075747728347778e-01 -3.982846736907958984e-01 -3.120549954473972321e-02 -1.078001931309700012e-01
6.087149493396282196e-03 -2.153429761528968811e-02 9.376645088195800781e-02 -1.027362227439880371e+00 -4.772096872329711914e-03 8.767679333686828613e-02
1.878606504760682583e-03 -1.603121124207973480e-02 1.199555024504661560e-02 8.435600996017456055e-02 8.308774828910827637e-01 2.022069692611694336e-01
9.156201034784317017e-02 5.256120488047599792e-02 -2.454767823219299316e-01 -4.980614483356475830e-01 3.483786582946777344e-01 2.135855257511138916e-01
-3.528856858611106873e-02 1.014650054275989532e-02 -6.789218783378601074e-01 5.285065993666648865e-02 -2.195504866540431976e-02 -7.590366154909133911e-02
-1.114003732800483704e-01 2.411066368222236633e-02 -2.450506687164306641e+00 5.490229725837707520e-01 3.687192499637603760e-02 2.661284208297729492e-01
-6.340610235929489136e-02 -1.118445023894309998e-02 5.604348182678222656e-01 -1.388082373887300491e-02 -1.078178547322750092e-02 -1.926567405462265015e-01
6.055240705609321594e-02 2.557487785816192627e-02 -2.713751196861267090e-01 8.069659471511840820e-01 -6.967943045310676098e-04 4.440158233046531677e-02
4.027143120765686035e-02 -1.172738447785377502e-01 1.151308894157409668e+00 6.632410287857055664e-01 -5.649794340133666992e-01 3.637511134147644043e-01
-2.446408569812774658e-02 4.183774814009666443e-02 1.083624720573425293e+00 -3.154834508895874023e-01 2.159586697816848755e-01 1.027802005410194397e-01
-2.312060259282588959e-02 6.216022744774818420e-02 -1.066409349441528320e+00 1.375299990177154541e-01 -6.058686226606369019e-02 2.604452334344387054e-02
4.947520792484283447e-02 -3.134180009365081787e-01 -6.036430001258850098e-01 -1.478279083967208862e-01 2.224443435668945312e+00 -1.690742075443267822e-01
1.233832687139511108e-01 -5.590864643454551697e-02 7.642745226621627808e-02 4.922516644001007080e-01 9.497311115264892578e-01 1.312923338264226913e-02
-3.694226907100528479e-04 6.814274936914443970e-02 9.797807037830352783e-02 -5.070212483406066895e-02 5.930685997009277344e-01 1.025200560688972473e-01
-4.167631641030311584e-02 -6.075078621506690979e-02 2.582664489746093750e+00 -1.637952402234077454e-02 -1.840360313653945923e-01 1.084434464573860168e-01
-4.976394120603799820e-03 -3.630208969116210938e-02 4.627898931503295898e-01 -6.191590428352355957e-02 -2.171458750963211060e-01 -1.228193491697311401e-01
-8.770909160375595093e-03 3.926209639757871628e-03 9.682844877243041992e-01 -2.956452667713165283e-01 3.032575361430644989e-02 -4.249373078346252441e-02
1.735774427652359009e-02 1.881128549575805664e-02 -9.939074516296386719e-01 8.723458647727966309e-02 8.505894802510738373e-03 -1.453395187854766846e-01
-2.785270214080810547e-01 2.247924804687500000e-01 4.384353756904602051e-01 -3.088805265724658966e-02 9.553202986717224121e-02 1.880643814802169800e-01
7.278476655483245850e-02 -1.232996303588151932e-02 -4.415880143642425537e-01 4.898291230201721191e-01 -1.195750460028648376e-01 9.863702952861785889e-02
4.586552083492279053e-02 -1.430109515786170959e-02 -7.252513170242309570e-01 1.786626130342483521e-01 1.939268037676811218e-02 7.772556506097316742e-03
5.507503449916839600e-02 -2.585595846176147461e-02 2.330352216958999634e-01 -2.972687184810638428e-01 -7.025755196809768677e-02 -1.551159936934709549e-02
-4.800748080015182495e-03 2.311399020254611969e-02 1.799439787864685059e-01 -6.014578342437744141e-01 3.112543560564517975e-02 -7.830731570720672607e-02
-8.954486250877380371e-02 1.179419532418251038e-01 1.700910031795501709e-01 -1.154899835586547852e+00 2.981708347797393799e-01 -1.622197180986404419e-01
-2.119048833847045898e-01 3.591277301311492920e-01 -8.436841517686843872e-02 1.752162873744964600e-01 2.530768215656280518e-01 2.622758150100708008e+00
-1.151169165968894958e-01 6.965375691652297974e-02 4.200832843780517578e-01 2.261416763067245483e-01 -3.158188425004482269e-03 6.899189949035644531e-02
-2.272976376116275787e-02 -6.337770726531744003e-03 -5.583235621452331543e-02 3.167939186096191406e-01 -3.135614097118377686e-01 -3.119883835315704346e-01
1.223070994019508362e-01 -1.680974103510379791e-02 1.761926412582397461e-01 8.456143736839294434e-02 -3.996531665325164795e-01 -1.830115169286727905e-01
-9.466655552387237549e-03 5.408168956637382507e-02 -1.721853613853454590e-01 -2.077485561370849609e+00 -1.412188261747360229e-01 -2.063445150852203369e-01
1.513536833226680756e-02 -1.225530356168746948e-01 -4.900064766407012939e-01 3.328425884246826172e-01 1.208779960870742798e-01 -1.155485361814498901e-01
-2.198202349245548248e-02 5.494282022118568420e-02 -2.157771438360214233e-01 6.480612754821777344e-01 -1.409709751605987549e-01 -5.810554698109626770e-02
9.950020909309387207e-02 8.784414082765579224e-02 5.783528089523315430e-02 -1.029945984482765198e-01 1.810320466756820679e-01 4.796122014522552490e-01
6.057124957442283630e-02 -6.087342649698257446e-02 -4.196685850620269775e-01 7.175259292125701904e-02 6.870431452989578247e-02 -1.007565036416053772e-01
-2.508945204317569733e-02 4.081299528479576111e-02 1.082000583410263062e-01 4.884315729141235352e-01 -3.998728990554809570e-01 -3.733648061752319336e-01
-3.938798978924751282e-02 6.707003712654113770e-02 1.921477019786834717e-01 -2.596773803234100342e-01 1.564181745052337646e-01 -3.140034899115562439e-02
2.740172110497951508e-02 -2.555274963378906250e-02 -3.743607997894287109e-01 2.018829882144927979e-01 -8.453943580389022827e-02 9.488298557698726654e-03
3.787331655621528625e-02 2.178792841732501984e-03 2.389379590749740601e-01 -9.228825569152832031e-02 3.324897587299346924e-01 7.815273851156234741e-02
4.028752073645591736e-02 5.053389817476272583e-02 3.339742124080657959e-02 -3.039837181568145752e-01 -4.042470753192901611e-01 -8.407549858093261719e-01
4.249033518135547638e-03 2.964833006262779236e-02 1.063488245010375977e+00 -1.253656577318906784e-02 2.855613827705383301e-01 -3.883364796638488770e-02
-1.227550953626632690e-01 1.656399965286254883e-01 -3.575694262981414795e-01 6.015346646308898926e-01 9.827542304992675781e-02 1.068493351340293884e-01
-5.887851119041442871e-02 1.946339849382638931e-03 -1.572506278753280640e-01 2.775944232940673828e+00 6.491919606924057007e-02 -3.289305865764617920e-01
-2.496021986007690430e-01 1.817237883806228638e-01 3.778886049985885620e-02 -2.284871637821197510e-01 6.613715887069702148e-01 2.504238188266754150e-01
-9.158115833997726440e-03 -3.394709900021553040e-02 1.328312605619430542e-01 -5.246804356575012207e-01 -7.899262011051177979e-02 -6.481304019689559937e-02
1.440239846706390381e-01 -1.328893005847930908e-01 4.055230617523193359e+00 -3.111954033374786377e-01 1.804279536008834839e-01 6.586959213018417358e-02
1.956533491611480713e-01 -8.108114451169967651e-02 2.691308856010437012e-01 -1.913501173257827759e-01 4.515565559267997742e-02 2.666636943817138672e+00
-2.648426406085491180e-02 3.677493333816528320e-02 3.600581884384155273e-01 -5.703153014183044434e-01 -1.569116301834583282e-02 1.501575578004121780e-02
4.274226725101470947e-02 4.641253873705863953e-02 2.588775753974914551e-01 -5.643377304077148438e-01 6.038630381226539612e-02 8.590641617774963379e-02
5.518215522170066833e-02 -9.787863120436668396e-03 -4.398461341857910156e+00 3.079659640789031982e-01 6.385594606399536133e-01 -1.359913405030965805e-02
1.932157948613166809e-02 -6.676548719406127930e-02 1.209614634513854980e+00 -1.128267962485551834e-02 -1.379315704107284546e-01 -1.471426039934158325e-01
3.198535740375518799e-01 -1.505084484815597534e-01 3.622568249702453613e-01 -7.526108622550964355e-02 -2.680578231811523438e-01 -1.780821561813354492e+00
-4.853400215506553650e-02 9.362764656543731689e-03 2.852488160133361816e-01 -8.270683139562606812e-02 -1.046507507562637329e-01 -2.174666821956634521e-01
-3.828319609165191650e-01 4.015824198722839355e-02 1.528108268976211548e-01 -5.342058658599853516e+00 7.497277259826660156e-01 1.531651139259338379e+00
-3.265095874667167664e-02 -7.511778175830841064e-02 -7.003485560417175293e-01 2.799150705337524414e+00 7.522320002317428589e-02 5.422475934028625488e-01
4.468352999538183212e-03 8.889386430382728577e-03 -8.305919915437698364e-02 4.492404758930206299e-01 1.251460313796997070e-01 -1.041365042328834534e-01
5.935701727867126465e-01 6.583217144012451172e+00 -3.846017420291900635e-01 -1.830916479229927063e-02 9.514749050140380859e-01 5.418611764907836914e-01
5.820272490382194519e-03 5.880540702491998672e-03 4.084676265716552734e+00 -4.905703961849212646e-01 -2.201007306575775146e-01 -1.697921752929687500e-01
4.949549213051795959e-02 1.711173169314861298e-02 1.256371140480041504e+00 1.155320927500724792e-01 -1.334199607372283936e-01 -3.541713207960128784e-02
6.141446530818939209e-02 3.603769093751907349e-02 -2.133381128311157227e+00 1.990830451250076294e-01 3.513166904449462891e-01 3.245141506195068359e-01
-6.336905062198638916e-02 3.025317005813121796e-02 2.992841005325317383e-01 -3.564455807209014893e-01 -4.003419354557991028e-02 2.944371402263641357e-01
-7.210654765367507935e-02 3.271861001849174500e-02 -2.490350976586341858e-02 9.121545404195785522e-02 -1.091542914509773254e-01 -3.174147605895996094e-01
1.203306717798113823e-03 1.549912244081497192e-02 2.507785558700561523e-01 -3.763559758663177490e-01 -2.367096953094005585e-03 7.154429703950881958e-02
2.308949232101440430e-01 -3.345283567905426025e-01 -1.873725801706314087e-01 5.450153350830078125e-02 6.071415916085243225e-02 5.544063821434974670e-02
-3.294977825134992599e-03 6.335200741887092590e-03 3.039090931415557861e-01 -3.013961017131805420e-01 -5.769575759768486023e-02 -1.467788219451904297e-01
7.844628393650054932e-02 -7.022465020418167114e-02 -7.652364373207092285e-01 3.246731996536254883e+00 -5.645664781332015991e-02 9.526627659797668457e-01
-1.556568872183561325e-02 1.144280750304460526e-02 1.656246781349182129e-01 -3.545955419540405273e-01 3.593562841415405273e-01 1.532573401927947998e-01
6.081961840391159058e-02 -1.025777906179428101e-01 2.941325604915618896e-01 -3.288939893245697021e-01 -1.773789897561073303e-02 -1.380713880062103271e-01
-2.453126013278961182e-03 6.827953737229108810e-03 1.755209267139434814e-01 -9.275546073913574219e-01 -5.937352031469345093e-02 5.949960649013519287e-02
3.293310478329658508e-02 -1.307372283190488815e-02 5.259304046630859375e-01 -4.009456373751163483e-03 3.251214027404785156e-01 1.284086704254150391e-01
2.280340716242790222e-02 2.170633990317583084e-03 2.945828437805175781e-01 -1.490415185689926147e-01 4.407475888729095459e-01 -5.048511177301406860e-02
-8.138144016265869141e-02 7.861741632223129272e-02 2.797137498855590820e+00 -1.972173005342483521e-01 -1.919298022985458374e-01 -8.267527073621749878e-02
-7.918873429298400879e-02 1.870959997177124023e-01 3.037294447422027588e-01 -1.447931956499814987e-02 3.093214273452758789e+00 2.038253396749496460e-01
-2.694834768772125244e-02 3.345391899347305298e-02 3.145312070846557617e-01 -4.944882988929748535e-01 -7.646535523235797882e-03 -1.161933597177267075e-02
1.323888301849365234e-01 -1.542163342237472534e-01 3.458153083920478821e-02 -2.199224829673767090e-01 1.865252852439880371e-01 1.800076663494110107e-01
1.534961484139785171e-04 -6.376105546951293945e-02 -1.607979238033294678e-01 6.099229678511619568e-02 2.992924451828002930e-01 2.128477990627288818e-01
9.582812897861003876e-03 -1.627422682940959930e-02 -1.187194705009460449e+00 5.133765749633312225e-03 -1.749117113649845123e-02 -2.426991052925586700e-02
3.725928440690040588e-02 -1.118210181593894958e-01 -7.743915319442749023e-01 2.681084275245666504e-01 2.580976858735084534e-02 4.261501599103212357e-03
1.253335177898406982e-01 -1.277348548173904419e-01 -2.347934693098068237e-01 -2.170970849692821503e-02 -2.118609845638275146e-01 -1.684967279434204102e-01
-4.566672723740339279e-03 8.615087717771530151e-03 -9.269587695598602295e-02 -8.894148468971252441e-01 1.725437045097351074e-01 2.133962325751781464e-02
4.692358523607254028e-02 8.527412428520619869e-04 -1.220579504966735840e+00 -6.082578897476196289e-01 -7.839144468307495117e-01 -4.934877455234527588e-01
-3.006565384566783905e-02 -1.175779011100530624e-02 3.708259761333465576e-01 -7.541159391403198242e-01 9.076120704412460327e-02 -1.995520479977130890e-02
4.115660488605499268e-02 2.071753889322280884e-02 5.309477448463439941e-01 -6.592788696289062500e-01 -1.560730487108230591e-02 -2.641784958541393280e-02
5.477837324142456055e-01 -5.973014235496520996e-01 7.476372271776199341e-02 -1.972903683781623840e-02 1.061648726463317871e-01 -1.347778439521789551e-01
8.630064874887466431e-02 -6.851204205304384232e-03 2.856355309486389160e-01 -1.759176254272460938e+00 -1.519914902746677399e-02 6.792914122343063354e-02
-2.531394176185131073e-02 4.793404042720794678e-02 -1.524334788322448730e+00 2.864250838756561279e-01 2.216699272394180298e-01 2.521972060203552246e-01
-2.502196654677391052e-02 7.938984036445617676e-02 2.895925521850585938e+00 -1.163532495498657227e+00 2.132127285003662109e-01 3.252572417259216309e-01
1.013591736555099487e-01 -9.595183283090591431e-02 2.417823523283004761e-01 -3.270650506019592285e-01 5.044730752706527710e-02 2.928312420845031738e-01
-5.067227408289909363e-02 -8.545307815074920654e-02 -4.413922131061553955e-01 4.712883532047271729e-01 -2.214294910430908203e+00 -6.584886908531188965e-01
3.822823762893676758e+00 -5.563432216644287109e+00 -2.505397051572799683e-02 -1.240164488554000854e-01 2.700379133224487305e+00 3.185025215148925781e+00
-1.021996513009071350e-02 9.704036265611648560e-02 1.460571289062500000e+00 2.711844444274902344e-01 4.028553664684295654e-01 6.786652207374572754e-01
1.480698585510253906e-02 8.170606568455696106e-03 -2.365765571594238281e-01 5.761220455169677734e-01 1.182653661817312241e-02 6.880831904709339142e-03
-1.375033110380172729e-01 1.685061454772949219e-01 1.921620517969131470e-01 1.797432005405426025e-01 8.061100244522094727e-01 2.363560795783996582e-01
2.140522375702857971e-02 -1.054513268172740936e-03 -4.201376914978027344e+00 5.189553499221801758e-01 2.479916810989379883e-01 6.463445723056793213e-02
6.209668517112731934e-01 -3.959154784679412842e-01 5.870441347360610962e-02 -1.405498199164867401e-02 3.041155077517032623e-02 -4.862890020012855530e-02
-1.753386668860912323e-02 -2.102265320718288422e-02 1.684654206037521362e-01 -6.267290711402893066e-01 6.593325734138488770e-02 8.642403781414031982e-02
-2.564042247831821442e-02 3.189811408519744873e-01 1.520501542836427689e-02 -2.582527399063110352e-01 1.914556384086608887e+00 1.477956771850585938e+00
-1.938695088028907776e-02 4.215532913804054260e-02 6.659263372421264648e-01 -2.738308310508728027e-01 -3.385930880904197693e-02 -1.713467948138713837e-02
-1.285552233457565308e-01 -2.385692447423934937e-01 -6.671589612960815430e-02 7.330423593521118164e-02 8.727803826332092285e-03 8.802635073661804199e-01
-1.663691177964210510e-02 -2.006413042545318604e-02 -2.296049892902374268e-01 7.765718102455139160e-01 -1.116073578596115112e-01 -2.981989085674285889e-02
-7.842999882996082306e-03 -2.229553833603858948e-02 1.491334289312362671e-01 -3.356330394744873047e-01 -7.812590152025222778e-02 -5.529700219631195068e-02
-5.198085680603981018e-03 -5.111217964440584183e-03 -3.161960840225219727e-01 3.131182193756103516e-01 -3.089661300182342529e-01 -1.343563646078109741e-01
-6.011127494275569916e-03 1.605945266783237457e-02 -5.576486885547637939e-02 4.132022559642791748e-01 8.932194858789443970e-02 1.121450737118721008e-01
-5.349923670291900635e-02 9.364433586597442627e-03 -1.433533579111099243e-01 2.537461519241333008e-01 -3.778526186943054199e-01 -2.138911038637161255e-01
-3.959321230649948120e-02 1.261308137327432632e-02 2.853905595839023590e-02 -1.704363822937011719e+00 6.641273200511932373e-02 -1.071090027689933777e-01
1.116909785196185112e-03 3.046604618430137634e-02 3.311217129230499268e-01 -1.744510382413864136e-01 3.202751278877258301e-02 2.354114688932895660e-02
8.685049414634704590e-02 -8.418998122215270996e-02 -1.672313064336776733e-01 9.488533735275268555e-01 -9.126242995262145996e-02 6.117540970444679260e-02
2.185474149882793427e-02 -1.262244023382663727e-02 -1.992340832948684692e-01 3.246940672397613525e-01 -7.181976735591888428e-02 1.021682247519493103e-01
1.619713306427001953e-01 -6.985694915056228638e-02 4.741970896720886230e-01 6.141383647918701172e-01 4.982179999351501465e-01 1.271527260541915894e-01
-9.573957882821559906e-03 -1.100200600922107697e-02 -6.013735532760620117e-01 1.735271215438842773e-01 4.869481623172760010e-01 1.677419245243072510e-01
-8.483052998781204224e-02 -3.956969454884529114e-02 -1.511289238929748535e+00 -2.940474748611450195e+00 7.911960601806640625e+00 2.712946653366088867e+00
6.680613011121749878e-02 5.463265348225831985e-03 1.868781566619873047e+00 -8.515185117721557617e-01 2.342286854982376099e-01 4.140122979879379272e-02
-2.624422498047351837e-02 -8.123946934938430786e-02 -4.061265945434570312e+00 5.124850869178771973e-01 3.740704385563731194e-03 2.166668623685836792e-01
-6.731733679771423340e-02 1.332145743072032928e-02 -7.800626754760742188e-02 -4.348568618297576904e-01 -3.902049958705902100e-01 5.712058767676353455e-02
-3.415120020508766174e-02 2.436235360801219940e-02 1.395658850669860840e-01 -4.137863218784332275e-01 7.822800427675247192e-03 -1.038544476032257080e-01
-4.871093202382326126e-03 -1.573397777974605560e-02 -4.586875438690185547e-01 2.336755752563476562e+00 -2.436898201704025269e-01 -8.395970612764358521e-02
-1.277424115687608719e-02 1.648689247667789459e-02 -1.191861331462860107e-01 1.385806500911712646e-01 -3.381180763244628906e-01 -7.302434444427490234e-01
-2.079841494560241699e-02 1.364807412028312683e-02 -3.502489328384399414e-01 -1.595719754695892334e-01 6.947757601737976074e-01 3.281771540641784668e-01
-1.015160605311393738e-02 3.173672780394554138e-02 5.582862496376037598e-01 -1.981261223554611206e-01 -7.045420259237289429e-02 -1.796309649944305420e-02
4.418452456593513489e-02 -6.429550051689147949e-02 -3.787583410739898682e-01 5.412335395812988281e-01 1.723560318350791931e-02 -1.209722235798835754e-01
6.402343511581420898e-01 -8.797430992126464844e-01 9.488905966281890869e-02 -8.103934675455093384e-02 -1.523534953594207764e-01 -1.656856685876846313e-01
5.407668650150299072e-02 -6.610040366649627686e-02 -1.140860319137573242e-01 2.034935802221298218e-01 -2.364294230937957764e-01 -1.324016898870468140e-01
1.841485127806663513e-02 -4.380432888865470886e-02 -5.112998485565185547e-01 1.426976323127746582e-01 1.308227628469467163e-01 -8.368296921253204346e-02
-3.662865981459617615e-02 6.715007126331329346e-02 5.265771746635437012e-01 -3.546035289764404297e-02 -7.036573719233274460e-03 -2.109934575855731964e-02
-1.548791527748107910e-01 2.629764080047607422e-01 1.122954264283180237e-01 -2.562370896339416504e-01 3.683557510375976562e-01 -1.424153335392475128e-02
1.683845520019531250e-01 -3.025317192077636719e-02 -4.486942887306213379e-01 3.294527530670166016e+00 6.371441483497619629e-01 -5.739322304725646973e-02
-4.460626095533370972e-02 1.000627204775810242e-01 2.411805093288421631e-01 -2.882412672042846680e-01 4.649863243103027344e-01 -3.540438041090965271e-02
9.171240776777267456e-02 -4.160311818122863770e-02 1.680920243263244629e+00 -2.523008584976196289e-01 -8.495124429464340210e-02 -1.266823261976242065e-01
-1.674379780888557434e-02 2.251771278679370880e-02 2.647023200988769531e-01 -2.607213556766510010e-01 -3.377093002200126648e-02 -9.910080581903457642e-02
-4.797825217247009277e-02 -6.663266569375991821e-02 -8.471617102622985840e-01 3.175990283489227295e-01 -7.406051736325025558e-03 1.265123486518859863e-01
8.183936029672622681e-02 -4.108599573373794556e-02 2.914280176162719727e+00 -4.756227731704711914e-01 1.478242129087448120e-01 1.053751409053802490e-01
-4.287650063633918762e-02 4.648784175515174866e-03 -7.070320248603820801e-01 -1.155345588922500610e-01 6.230437755584716797e-01 1.849363557994365692e-02
3.080944763496518135e-03 -8.611239492893218994e-03 3.761109709739685059e-01 -1.029240787029266357e-01 4.798772931098937988e-02 1.307625137269496918e-02
9.033899009227752686e-02 -1.007682457566261292e-01 1.038666069507598877e-01 -1.666223108768463135e-01 -2.497472055256366730e-02 -4.830037355422973633e-01
2.391253225505352020e-02 2.415235713124275208e-02 1.668067425489425659e-01 -1.699594557285308838e-01 -1.569980233907699585e-01 -2.108836472034454346e-01
8.758911490440368652e-02 -8.905084431171417236e-02 4.580990076065063477e-01 -1.113003715872764587e-01 3.649268746376037598e-01 3.970704227685928345e-02
2.709498703479766846e-01 1.898082047700881958e-01 9.420050382614135742e-01 1.017062664031982422e+00 3.766875267028808594e+00 4.984177112579345703e+00
-5.945267900824546814e-02 2.298310957849025726e-02 -1.788968294858932495e-01 2.592776417732238770e-01 -2.717152833938598633e-01 -2.876069024205207825e-02
