-2.437997758388519287e-01 2.731648981571197510e-01 4.379267096519470215e-01 1.984380781650543213e-01 -3.396975994110107422e-01 -4.590647518634796143e-01
-2.763044118881225586e+00 -1.921164751052856445e+00 9.288866817951202393e-02 -2.805923521518707275e-01 4.837418720126152039e-02 1.416096929460763931e-02
-7.933837175369262695e-01 7.145622372627258301e-01 -2.264509499073028564e-01 -8.475392460823059082e-01 9.875943660736083984e-01 2.957498133182525635e-01
2.804005146026611328e-01 -1.721390336751937866e-01 -1.802498847246170044e-01 9.064637422561645508e-01 1.137269511818885803e-01 -7.802286744117736816e-02
4.610387384891510010e-01 -4.472950994968414307e-01 -4.520251974463462830e-02 -2.560770809650421143e-01 -8.580873608589172363e-01 -2.170392274856567383e-01
3.225418925285339355e-01 -3.829433023929595947e-01 -1.006259560585021973e+00 8.004603907465934753e-03 -6.071425601840019226e-02 -2.432581186294555664e-01
-1.718223444186151028e-03 2.526922523975372314e-01 -2.664999663829803467e-01 1.211299538612365723e+00 3.688710331916809082e-01 2.595698535442352295e-01
3.611896038055419922e-01 -1.474784910678863525e-01 -1.828605681657791138e-01 1.411383450031280518e-01 7.605671286582946777e-01 1.001767158508300781e+00
1.601838231086730957e+00 -1.780686736106872559e+00 -2.834913134574890137e-01 5.691980719566345215e-01 -1.167499065399169922e+00 4.304450750350952148e-01
5.496820807456970215e-01 -4.520069658756256104e-01 -5.995861887931823730e-01 1.153589598834514618e-02 -3.872785270214080811e-01 -9.698539227247238159e-02
-6.847049593925476074e-01 5.573872327804565430e-01 -1.914760917425155640e-01 -4.153381586074829102e-01 3.459142744541168213e-01 -4.916494488716125488e-01
9.564599394798278809e-02 -8.549574017524719238e-02 6.661087274551391602e-01 4.220939278602600098e-01 2.494581043720245361e-02 1.774559766054153442e-01
-8.312111496925354004e-01 6.085451245307922363e-01 6.086725592613220215e-01 3.824617564678192139e-01 5.071481317281723022e-02 -8.698773980140686035e-01
-5.341904163360595703e-01 4.521342217922210693e-01 -4.015212878584861755e-02 4.193731769919395447e-02 6.786087527871131897e-03 -7.381139397621154785e-01
1.260063529014587402e+00 -1.443579554557800293e+00 -2.835204601287841797e-01 2.775780856609344482e-01 -1.801843643188476562e-01 1.089121818542480469e+00
-7.737399935722351074e-01 6.504639983177185059e-01 3.260485529899597168e-01 3.460783660411834717e-01 1.266598820686340332e+00 2.036556154489517212e-01
-3.829718530178070068e-01 2.008745670318603516e-01 -4.568799734115600586e-01 1.323430240154266357e-01 4.487989842891693115e-01 -6.560675501823425293e-01
1.439941972494125366e-01 -3.360852003097534180e-01 -8.002529740333557129e-01 -3.353874385356903076e-01 8.091290295124053955e-02 -3.397672623395919800e-02
2.126945734024047852e+00 3.059457063674926758e+00 -7.280771434307098389e-02 -4.826530218124389648e-01 4.747772216796875000e-01 -3.466998338699340820e-01
-3.656134307384490967e-01 5.175802707672119141e-01 4.898546338081359863e-01 -3.053790628910064697e-01 2.470436692237854004e-01 4.736810028553009033e-01
6.304635852575302124e-02 1.524003744125366211e-01 1.373110771179199219e+00 -4.713653326034545898e-01 -2.032900154590606689e-01 2.587022632360458374e-02
2.401438802480697632e-01 -1.130813285708427429e-01 -5.351926088333129883e-01 -2.323436588048934937e-01 4.101848006248474121e-01 4.954952597618103027e-01
1.646535247564315796e-01 -3.943730518221855164e-02 1.552581340074539185e-01 1.420195400714874268e-01 -8.492152690887451172e-01 -6.370545029640197754e-01
-9.991369210183620453e-03 -4.143054410815238953e-02 1.740441322326660156e-01 -5.517974495887756348e-01 1.661022305488586426e-01 5.059757828712463379e-01
3.448045253753662109e-01 -3.097740411758422852e-01 -6.959090828895568848e-01 -1.667639166116714478e-01 2.217047214508056641e-01 3.571843206882476807e-01
8.943710923194885254e-01 -7.984759807586669922e-01 2.010435611009597778e-01 -3.858875036239624023e-01 -1.162055373191833496e+00 1.258099377155303955e-01
3.810963630676269531e-01 5.485125780105590820e-01 -2.023750782012939453e+00 3.350700438022613525e-01 -9.173786640167236328e-02 2.231703251600265503e-01
5.487602576613426208e-02 7.101769745349884033e-02 1.114023476839065552e-01 2.537868916988372803e-01 -8.217012286186218262e-01 -7.758454680442810059e-01
1.742373406887054443e-01 -7.441044598817825317e-02 -1.991698518395423889e-02 -2.647616565227508545e-01 -4.993076920509338379e-01 -3.075761198997497559e-01
5.293080210685729980e-01 -4.237427413463592529e-01 -2.002557963132858276e-01 -8.190152049064636230e-02 2.109403610229492188e-01 7.528594732284545898e-01
4.326545894145965576e-01 -3.366772234439849854e-01 1.725054532289505005e-01 8.819965720176696777e-01 3.743376731872558594e-01 4.805286228656768799e-01
-6.979646086692810059e-01 8.458414673805236816e-01 -3.327912092208862305e-01 -9.305704385042190552e-02 4.269661605358123779e-01 -7.322241067886352539e-01
-3.767535686492919922e-01 2.284786850214004517e-01 5.891146510839462280e-02 4.106250777840614319e-02 -4.003489017486572266e-01 -6.176840066909790039e-01
-7.267605513334274292e-02 2.822954952716827393e-01 1.151963233947753906e+00 3.423940390348434448e-02 1.034047976136207581e-01 2.045940905809402466e-01
1.700898408889770508e+00 -1.244680643081665039e+00 -7.565306872129440308e-02 1.106453418731689453e+00 -1.504879593849182129e-01 2.479513287544250488e-01
4.046553000807762146e-02 -4.443404823541641235e-02 -5.993694439530372620e-02 -1.066726148128509521e-01 -8.846895098686218262e-01 -8.191846013069152832e-01
-1.742011159658432007e-01 4.921802580356597900e-01 -1.104956418275833130e-01 -8.894150257110595703e-01 3.129534125328063965e-01 2.925352379679679871e-02
5.446598306298255920e-02 -4.079198464751243591e-02 -2.254890054464340210e-01 -6.545957177877426147e-02 -4.245375394821166992e-01 -3.597589731216430664e-01
7.268092036247253418e-01 -4.891307950019836426e-01 -5.243791341781616211e-01 -6.240803375840187073e-02 -1.019358634948730469e+00 -3.807355761528015137e-01
-2.488329857587814331e-01 1.855676621198654175e-01 2.052799314260482788e-01 7.272971421480178833e-02 5.123730301856994629e-01 3.142124116420745850e-01
3.253133296966552734e-01 -3.822342455387115479e-01 2.734347283840179443e-01 6.046697497367858887e-01 -3.669461607933044434e-01 -1.518977284431457520e-01
6.291684508323669434e-01 -1.324428439140319824e+00 -9.160988330841064453e-01 5.262800455093383789e-01 -4.909182488918304443e-01 4.013676643371582031e-01
2.925439476966857910e-01 -2.029611617326736450e-01 -5.606095790863037109e-01 -5.131109952926635742e-01 -1.106165051460266113e-01 1.895269155502319336e-01
-4.500958323478698730e-01 4.414368271827697754e-01 6.884758472442626953e-01 1.383055895566940308e-01 5.824457406997680664e-01 4.127335548400878906e-01
1.545870900154113770e+00 2.721917152404785156e+00 1.016526222229003906e-01 5.022855475544929504e-02 4.310224950313568115e-02 -6.190782785415649414e-01
2.086090743541717529e-01 -1.826788187026977539e-01 9.278810024261474609e-02 8.138629198074340820e-01 1.367208957672119141e-01 -8.909471333026885986e-03
1.728322207927703857e-01 -1.830053329467773438e-01 -3.659375309944152832e-01 -4.052967131137847900e-01 -4.415417909622192383e-01 -3.072738349437713623e-01
9.266538918018341064e-02 -8.281546086072921753e-02 1.429744213819503784e-01 7.615913450717926025e-02 3.546437025070190430e-01 4.778907895088195801e-01
-1.111879467964172363e+00 1.260059952735900879e+00 1.786321997642517090e-01 -6.623908281326293945e-01 1.516217887401580811e-01 -7.354903817176818848e-01
-4.146063029766082764e-01 3.731064796447753906e-01 -1.859475970268249512e-01 -8.770762681961059570e-01 -2.817424535751342773e-01 -3.201229572296142578e-01
-1.520810723304748535e-01 5.874825716018676758e-01 7.026506066322326660e-01 -8.154872059822082520e-02 -2.502739131450653076e-01 -7.888647168874740601e-02
-1.331674307584762573e-01 2.750182449817657471e-01 -5.911460146307945251e-02 -8.702210187911987305e-01 -2.567070722579956055e-01 1.328040845692157745e-02
2.048740088939666748e-01 -2.034996002912521362e-01 -5.063966512680053711e-01 -1.131142452359199524e-01 3.760346770286560059e-01 2.547065913677215576e-01
1.797597408294677734e-01 -1.778806746006011963e-01 3.192355930805206299e-01 9.885926842689514160e-01 2.370921820402145386e-01 7.793108373880386353e-02
2.487090229988098145e-01 -1.391203701496124268e-01 1.968238875269889832e-02 -9.676666557788848877e-02 3.265936970710754395e-01 5.836662650108337402e-01
1.206674799323081970e-01 -1.856797337532043457e-01 2.535289824008941650e-01 4.684025645256042480e-01 -3.684898614883422852e-01 -3.033235371112823486e-01
-6.239321231842041016e-01 5.070832371711730957e-01 -4.286138713359832764e-01 2.484960705041885376e-01 1.495655059814453125e+00 3.896252512931823730e-01
6.908435821533203125e-01 -4.755883812904357910e-01 2.572064101696014404e-01 -2.396978205069899559e-03 1.294525116682052612e-01 1.010953783988952637e+00
-7.436244189739227295e-02 1.531816720962524414e-01 -2.124969847500324249e-02 7.398005574941635132e-02 9.266747832298278809e-01 8.173616528511047363e-01
-7.324221730232238770e-01 6.147271394729614258e-01 1.077863052487373352e-01 -7.486086487770080566e-01 4.799550771713256836e-01 3.212713599205017090e-01
8.375149220228195190e-02 -5.960883572697639465e-02 5.903789401054382324e-01 2.887829244136810303e-01 -3.230566084384918213e-01 -1.019428074359893799e-01
-3.139021694660186768e-01 1.372678577899932861e-01 5.186229944229125977e-02 -3.525989949703216553e-01 3.609646260738372803e-01 4.499849379062652588e-01
-5.372050404548645020e-01 5.438812375068664551e-01 -5.210814997553825378e-02 1.442683786153793335e-01 -2.624658346176147461e-01 -1.086549997329711914e+00
-4.674445688724517822e-01 3.759371042251586914e-01 5.706766247749328613e-01 -3.285845220088958740e-01 -4.359864890575408936e-01 -4.310919940471649170e-01
