3.243926912546157837e-02 -1.415380239486694336e-01 -5.375532060861587524e-02 3.379917442798614502e-01 1.569040775299072266e+00 -2.150232437998056412e-03
6.315624117851257324e-01 -7.846797108650207520e-01 1.337809264659881592e-01 1.234786137938499451e-01 -4.802308510988950729e-03 -1.072218343615531921e-01
8.027803152799606323e-02 -1.035996228456497192e-01 -4.833396989852190018e-03 1.442469358444213867e-01 -3.047171048820018768e-02 5.219142436981201172e-01
8.033331483602523804e-02 -1.913392245769500732e-01 6.554560661315917969e-01 2.254412975162267685e-03 5.669837594032287598e-01 -1.663978397846221924e-01
-3.011361137032508850e-02 -3.589410707354545593e-02 5.126414299011230469e-01 -1.694026291370391846e-01 -1.000183224678039551e+00 -1.554955542087554932e-01
-3.252299129962921143e-02 3.473260998725891113e-02 4.144217446446418762e-02 -4.271724075078964233e-02 -1.339871734380722046e-01 -4.014932811260223389e-01
-2.445366382598876953e-01 4.138996303081512451e-01 2.471859306097030640e-01 4.385570436716079712e-02 -1.278035938739776611e-01 -2.710150778293609619e-01
2.754357457160949707e-01 -1.386991292238235474e-01 6.250739097595214844e-01 1.161342859268188477e-01 3.085537552833557129e-01 1.395617425441741943e-01
-4.109372571110725403e-02 6.989046931266784668e-02 -3.897925615310668945e-01 2.368749618530273438e+00 6.429348587989807129e-01 3.254035413265228271e-01
3.778889402747154236e-02 -4.060931503772735596e-02 -1.331900339573621750e-02 1.586379557847976685e-01 -3.962874710559844971e-01 -7.581911087036132812e-01
-5.339191108942031860e-02 -9.478109888732433319e-03 -7.033149898052215576e-02 6.582855433225631714e-02 6.044648885726928711e-01 1.704565882682800293e-01
-1.142677757889032364e-02 1.306630820035934448e-01 3.042391061782836914e+00 -3.258272707462310791e-01 -1.147063016891479492e+00 4.061909615993499756e-01
-1.323791295289993286e-01 -2.642449140548706055e-01 1.978080533444881439e-02 4.302178621292114258e-01 -7.929954528808593750e-01 -3.726806119084358215e-02
-2.347982227802276611e-01 -1.328349411487579346e-01 1.080937683582305908e-01 -1.604702472686767578e-01 1.121166795492172241e-01 7.316386699676513672e-01
9.409126639366149902e-01 -6.680124402046203613e-01 4.322894290089607239e-02 1.430414021015167236e-01 -5.439419671893119812e-02 4.351713135838508606e-02
5.073940157890319824e-01 -5.040717720985412598e-01 1.376197021454572678e-02 -9.740635752677917480e-03 -2.026127651333808899e-02 5.988688394427299500e-02
-3.800659179687500000e-01 7.375590801239013672e-01 1.334883924573659897e-02 4.331678152084350586e-02 -2.395142801105976105e-02 1.398313790559768677e-01
2.874082624912261963e-01 4.502717778086662292e-02 -1.516689509153366089e-01 1.175361633300781250e+00 3.666513264179229736e-01 2.732479870319366455e-01
-1.897581964731216431e-01 1.626492887735366821e-01 9.183071553707122803e-03 2.007803440093994141e+00 3.494964241981506348e-01 3.969754278659820557e-01
-8.507028222084045410e-01 7.632275223731994629e-01 -2.596322214230895042e-03 -3.469965013209730387e-04 -3.379382938146591187e-02 -9.356310963630676270e-02
1.576364934444427490e-01 1.649829745292663574e-01 -4.301823209971189499e-03 2.086362123489379883e+00 4.855434000492095947e-01 2.881005704402923584e-01
2.639102004468441010e-02 4.879394173622131348e-02 8.101309835910797119e-02 1.031875312328338623e-01 9.754833579063415527e-01 3.919251263141632080e-01
-1.175749152898788452e-01 -3.886497020721435547e-02 3.984786570072174072e-01 1.927175675518810749e-03 -1.048565387725830078e+00 -2.798285484313964844e-01
-1.616107113659381866e-02 3.269281610846519470e-02 -9.980455785989761353e-02 -5.377259850502014160e-01 5.123504251241683960e-02 8.967103809118270874e-02
5.389458313584327698e-02 -3.223668783903121948e-02 -5.937840417027473450e-02 3.759239614009857178e-01 9.466790407896041870e-02 6.148166656494140625e-01
1.468188688158988953e-02 4.055890254676342010e-03 -8.481404930353164673e-02 -4.272355735301971436e-01 -3.619224429130554199e-01 -2.750067710876464844e-01
-8.137689828872680664e-01 4.280514121055603027e-01 6.614787876605987549e-02 4.487218335270881653e-02 8.690719306468963623e-02 -6.825888901948928833e-02
1.094097644090652466e-01 -7.225041091442108154e-02 -3.404583781957626343e-02 1.949350953102111816e+00 5.840927362442016602e-02 -1.475568652153015137e+00
4.174580574035644531e-01 -6.866065263748168945e-01 4.856876283884048462e-02 -1.423351466655731201e-02 2.348080463707447052e-02 -7.870912551879882812e-02
1.467314735054969788e-02 5.169117078185081482e-02 2.049793861806392670e-02 -1.353219300508499146e-01 4.225625097751617432e-01 3.860211372375488281e-02
6.251000612974166870e-02 -1.680305898189544678e-01 8.524092435836791992e-01 -2.377193123102188110e-01 7.366981506347656250e-01 1.652120351791381836e+00
1.034536510705947876e-01 3.557792305946350098e-02 3.636434555053710938e+00 -6.254130601882934570e-01 -9.306115508079528809e-01 1.823815107345581055e-01
-1.067829057574272156e-01 -1.590969413518905640e-01 1.426339268684387207e+00 -1.246515884995460510e-01 4.517922997474670410e-01 1.523869752883911133e+00
-1.618182100355625153e-02 1.054354831576347351e-01 -1.134679280221462250e-02 1.312331855297088623e-01 -5.773480236530303955e-02 1.097816824913024902e+00
8.988500386476516724e-02 -2.830085158348083496e-02 -3.543018102645874023e-01 1.214709401130676270e+00 -5.321736931800842285e-01 -2.039566755294799805e+00
-1.816857010126113892e-01 2.322456240653991699e-01 9.621142148971557617e-01 1.539125479757785797e-02 3.295262157917022705e-01 1.474439725279808044e-02
-5.634852647781372070e-01 4.171416163444519043e-01 2.158780768513679504e-02 5.883748456835746765e-02 1.173648536205291748e-01 7.237980514764785767e-02
-4.462350904941558838e-02 7.156582921743392944e-02 -1.579007692635059357e-02 -1.476646810770034790e-01 6.798169016838073730e-01 3.874057233333587646e-01
-3.043246828019618988e-02 -3.596047684550285339e-02 -7.088921070098876953e-01 -9.762383997440338135e-02 2.585634887218475342e-01 1.325767785310745239e-01
-2.001576125621795654e-01 7.189639657735824585e-02 6.062747910618782043e-02 7.081608772277832031e-01 -3.947364687919616699e-01 -1.688755452632904053e-01
1.077033579349517822e-01 -1.136608719825744629e-01 1.090814173221588135e-01 2.224936723709106445e+00 7.170079946517944336e-01 1.524016410112380981e-01
-1.690250821411609650e-02 5.806270241737365723e-02 1.442498564720153809e-01 3.366660773754119873e-01 -7.228378653526306152e-01 -1.006275534629821777e+00
1.542539335787296295e-02 8.742953836917877197e-02 -1.014708876609802246e-01 7.693339139223098755e-02 -2.475698143243789673e-01 9.079641103744506836e-01
4.098601937294006348e-01 4.535944461822509766e-01 -4.062523692846298218e-02 5.903885141015052795e-02 -4.472471773624420166e-01 -2.318157702684402466e-01
-2.964428812265396118e-02 -5.078982561826705933e-02 1.945205032825469971e-02 -2.260420657694339752e-02 1.026346310973167419e-01 -8.812902569770812988e-01
-4.394210409373044968e-03 6.841437518596649170e-02 -4.904499277472496033e-02 5.868174433708190918e-01 1.733528614044189453e+00 1.228255927562713623e-01
5.207831412553787231e-02 -8.586962521076202393e-02 4.530284106731414795e-01 -2.362728565931320190e-01 6.577856540679931641e-01 1.697777271270751953e+00
-1.474164128303527832e-01 8.209665864706039429e-02 8.519841730594635010e-02 -6.450792402029037476e-02 2.071065753698348999e-01 5.409568548202514648e-01
-4.807119816541671753e-02 1.019697189331054688e-01 2.567203342914581299e-01 -3.953226376324892044e-03 -1.551110863685607910e+00 -1.895484142005443573e-02
-7.963658869266510010e-02 9.727614931762218475e-03 2.513966798782348633e+00 -1.744941622018814087e-01 -3.449755311012268066e-01 -4.791857600212097168e-01
-3.043093681335449219e-01 -6.665456295013427734e-01 1.797108501195907593e-01 5.397024154663085938e-01 -7.702202349901199341e-02 -2.289056219160556793e-02
-4.296156018972396851e-02 -9.535453282296657562e-03 3.359247371554374695e-02 -9.711030125617980957e-02 -7.938029170036315918e-01 -1.756813973188400269e-01
-1.063112448900938034e-02 9.512586257187649608e-05 -4.591604173183441162e-01 5.103976726531982422e-01 -5.175292491912841797e-01 -1.785422682762145996e+00
4.123025760054588318e-02 -5.020221322774887085e-02 4.157864674925804138e-02 1.385613717138767242e-02 -6.311680078506469727e-01 -2.340374886989593506e-01
8.231172561645507812e-01 -4.357144832611083984e-01 5.255948007106781006e-02 9.722651913762092590e-03 -2.420485168695449829e-01 -5.184054747223854065e-02
5.002959817647933960e-02 1.064078323543071747e-02 -1.152200438082218170e-02 1.387119875289499760e-03 6.212397813796997070e-01 1.238908842206001282e-01
-4.657639656215906143e-03 1.101347338408231735e-02 2.719264104962348938e-02 6.367025524377822876e-02 -6.638760566711425781e-01 -3.976915180683135986e-01
-6.172333955764770508e-01 7.600458264350891113e-01 5.948132649064064026e-02 6.698763370513916016e-02 7.618780713528394699e-03 3.418543189764022827e-02
1.472028046846389771e-01 3.836418986320495605e-01 1.302151679992675781e+00 3.353848457336425781e-01 1.874850690364837646e-01 -6.591311097145080566e-02
2.443567663431167603e-01 2.494529932737350464e-01 3.122264146804809570e-02 7.672052830457687378e-02 2.961018383502960205e-01 2.752510905265808105e-01
5.061866641044616699e-01 -7.675173878669738770e-01 -6.899219751358032227e-02 1.149976626038551331e-02 2.096155732870101929e-01 1.182006746530532837e-01
7.827324420213699341e-02 -3.659532219171524048e-02 5.950562953948974609e-01 1.971596479415893555e-01 -1.115227714180946350e-01 -8.396422863006591797e-01
2.507394179701805115e-02 8.974971569841727614e-05 -4.938997030258178711e-01 -4.196384176611900330e-02 -7.473160326480865479e-02 -1.666752099990844727e-01
-4.131909832358360291e-02 -1.958299241960048676e-02 -1.289926469326019287e-01 -3.936982899904251099e-02 -7.153866440057754517e-02 -6.486652493476867676e-01
