-6.873984634876251221e-02 -7.430810481309890747e-03 2.876390516757965088e-01 -1.705798387527465820e+00 -2.208462171256542206e-02 -5.609808489680290222e-02
2.314728796482086182e-01 -6.560934782028198242e-01 6.371588446199893951e-03 9.707430005073547363e-02 -4.912905767560005188e-02 -5.994201079010963440e-02
2.927161753177642822e-01 -3.272027373313903809e-01 4.370025694370269775e-01 3.115645051002502441e-02 1.566824615001678467e-01 2.594181150197982788e-02
-6.351593136787414551e-01 4.519202113151550293e-01 -1.234046556055545807e-02 7.010952569544315338e-03 2.986076474189758301e-01 2.109156847000122070e-01
6.597993522882461548e-02 -4.910905379801988602e-03 5.521666258573532104e-02 -6.077797338366508484e-02 -4.180088341236114502e-01 -1.579130887985229492e-01
1.797044835984706879e-02 -2.215044945478439331e-02 -1.946494817733764648e+00 2.770405709743499756e-01 -1.331348419189453125e-01 1.305919736623764038e-01
4.198757708072662354e-01 -1.467457413673400879e-01 1.317014992237091064e-01 -1.907721161842346191e-01 1.312753200531005859e+00 1.734789013862609863e-01
-2.864277362823486328e-02 9.041255712509155273e-02 2.614323198795318604e-01 -6.474810093641281128e-02 1.117319941520690918e+00 1.663743555545806885e-01
-8.600413799285888672e-01 1.167783856391906738e+00 -9.244339540600776672e-03 1.637234836816787720e-01 3.058251142501831055e-01 2.162819504737854004e-01
-3.201972320675849915e-02 2.902171202003955841e-02 -6.445288658142089844e-01 1.551902443170547485e-01 -2.372821606695652008e-02 2.381522767245769501e-02
-6.765882670879364014e-02 3.773514926433563232e-02 3.463487029075622559e-01 7.100564837455749512e-01 -1.037015765905380249e-01 -9.142767637968063354e-02
-6.649292074143886566e-03 2.391385659575462341e-02 -5.889288187026977539e-01 -3.452617824077606201e-01 8.864336013793945312e-01 -1.715956032276153564e-01
-9.633765816688537598e-01 6.245582103729248047e-01 5.919667705893516541e-02 -2.039939910173416138e-01 1.126884743571281433e-01 1.719275265932083130e-01
8.105077147483825684e-01 -8.922389149665832520e-01 1.881591230630874634e-01 -5.184835195541381836e-02 9.429474920034408569e-02 1.693314760923385620e-01
4.264597594738006592e-02 -2.117815986275672913e-02 3.416947424411773682e-01 -6.253876090049743652e-01 1.920372061431407928e-02 -4.199121613055467606e-04
6.562677025794982910e-02 5.363847315311431885e-02 5.010726675391197205e-02 7.352929115295410156e-01 3.893454745411872864e-02 1.721820831298828125e-01
9.000402688980102539e-01 -4.723135530948638916e-01 1.817435212433338165e-02 4.466914758086204529e-02 -1.173969209194183350e-01 -2.327807247638702393e-01
-5.838950723409652710e-02 3.984315320849418640e-02 4.645387828350067139e-01 -1.715995430946350098e+00 2.533739507198333740e-01 3.902808129787445068e-01
-4.989440739154815674e-02 3.898515924811363220e-02 8.953435719013214111e-02 7.687077671289443970e-02 4.302021116018295288e-02 9.407234191894531250e-01
-8.811871707439422607e-02 1.896480284631252289e-02 -1.684556961059570312e+00 2.666841745376586914e-01 6.097264960408210754e-02 2.269271910190582275e-01
1.763886772096157074e-02 8.400698192417621613e-03 -1.746626138687133789e+00 2.165323197841644287e-01 4.045760333538055420e-01 9.110623598098754883e-02
-7.821255177259445190e-02 -2.489268593490123749e-02 1.922239184379577637e+00 -2.535763382911682129e-01 2.233536392450332642e-01 3.829795494675636292e-02
-1.777244172990322113e-02 -4.251622781157493591e-02 -3.931022584438323975e-01 2.103325128555297852e+00 3.919779956340789795e-01 8.678403496742248535e-02
-5.278846994042396545e-02 4.090629890561103821e-02 6.692399978637695312e-01 1.632231324911117554e-01 3.896414339542388916e-01 -8.667524904012680054e-03
-2.757597863674163818e-01 -3.308254182338714600e-01 -1.297238916158676147e-01 1.089546322822570801e+00 1.018036529421806335e-01 -3.407267108559608459e-02
2.077395915985107422e-01 1.860719472169876099e-01 -1.441733241081237793e-01 6.786156445741653442e-02 1.186608821153640747e-01 1.244124054908752441e+00
1.209895461797714233e-01 -5.162544548511505127e-02 4.808505773544311523e-01 -1.768615096807479858e-01 -3.849388659000396729e-01 4.794146716594696045e-01
-1.284992694854736328e-01 6.272335350513458252e-02 -6.429987400770187378e-02 4.912322759628295898e-02 -9.319195896387100220e-02 -5.911933779716491699e-01
6.087901443243026733e-02 -7.679840177297592163e-02 -7.694183588027954102e-01 3.636833280324935913e-02 -1.453074440360069275e-02 -5.326683633029460907e-03
-9.444209337234497070e-01 7.176175117492675781e-01 2.940710783004760742e-01 -2.029633708298206329e-02 1.813106536865234375e-01 2.528036236763000488e-01
-6.979839410632848740e-03 -7.476452738046646118e-02 1.010530471801757812e+00 -2.628082036972045898e-01 5.724406614899635315e-02 7.922393828630447388e-02
-1.428248360753059387e-02 1.258988399058580399e-02 2.286885529756546021e-01 -1.147815585136413574e+00 1.371725946664810181e-01 6.236236542463302612e-02
5.669561028480529785e-01 6.081421971321105957e-01 -5.247177481651306152e-01 3.430830240249633789e-01 -1.565320938825607300e-01 -2.998371049761772156e-02
-4.033734202384948730e-01 -1.470346152782440186e-01 -3.919858038425445557e-01 -1.905504614114761353e-01 5.136524140834808350e-02 4.275036156177520752e-01
-7.463545203208923340e-01 1.049330949783325195e+00 -1.863090395927429199e-01 9.250430017709732056e-02 8.690604567527770996e-02 1.139958724379539490e-01
2.011174261569976807e-01 8.918067812919616699e-02 1.833921074867248535e-01 3.151069879531860352e-01 2.009076774120330811e-01 1.530342578887939453e+00
-6.361286044120788574e-01 7.524051070213317871e-01 1.379817724227905273e-01 -4.992261528968811035e-02 -6.038578227162361145e-02 -6.973864883184432983e-02
3.258102387189865112e-02 -6.022215634584426880e-02 -3.683817684650421143e-01 -2.767649590969085693e-01 9.776389002799987793e-01 3.226498961448669434e-01
9.701924920082092285e-01 -9.640961885452270508e-01 -1.295113414525985718e-01 -2.100522071123123169e-02 4.886288344860076904e-01 4.478395879268646240e-01
6.934154033660888672e-02 -1.750725135207176208e-02 -6.235939860343933105e-01 1.067985370755195618e-01 -1.423606723546981812e-01 -1.388806197792291641e-02
-1.065405979752540588e-01 4.036873579025268555e-02 4.457857608795166016e-01 6.024310588836669922e-01 6.682599186897277832e-01 9.593665599822998047e-01
-9.571132808923721313e-02 3.402126021683216095e-03 8.897526562213897705e-02 2.692464590072631836e-01 7.644877433776855469e-01 -2.534204423427581787e-01
2.505978383123874664e-02 1.032590027898550034e-02 1.771204113960266113e+00 -1.725456863641738892e-01 1.124221682548522949e-01 -2.408168278634548187e-02
-6.997793912887573242e-02 1.719463169574737549e-01 6.451765894889831543e-01 5.808552354574203491e-02 1.564327180385589600e-01 1.433174967765808105e+00
-1.271845027804374695e-02 6.533722858875989914e-03 -7.012567948549985886e-03 -7.405408024787902832e-01 -1.656521409749984741e-01 6.966330409049987793e-01
2.985635772347450256e-02 -1.894429139792919159e-02 -2.305763810873031616e-01 -6.395332217216491699e-01 -5.462684482336044312e-02 -1.118169352412223816e-01
-3.171822801232337952e-02 -1.533178612589836121e-02 1.144149154424667358e-02 -1.076220273971557617e+00 1.120929718017578125e-01 -1.301501542329788208e-01
-1.512831300497055054e-01 7.953187078237533569e-02 5.871794745326042175e-02 -2.569845318794250488e-01 1.356722474098205566e+00 2.954257428646087646e-01
2.826149202883243561e-02 -1.034988239407539368e-01 1.267137974500656128e-01 5.595508813858032227e-01 8.134328722953796387e-01 -7.177592813968658447e-02
4.909781739115715027e-02 -9.506549239158630371e-01 -1.634145677089691162e-01 1.214797571301460266e-01 2.825171053409576416e-01 6.395700573921203613e-01
-3.410376012325286865e-01 4.910192489624023438e-01 -1.727893054485321045e-01 -3.859996795654296875e-01 3.665844202041625977e-01 1.573715060949325562e-01
5.344477295875549316e-02 2.825502119958400726e-02 -3.741822242736816406e-01 -3.791457787156105042e-02 7.434870004653930664e-01 1.199560284614562988e+00
-8.874642662703990936e-04 -5.976106971502304077e-02 -1.037840470671653748e-01 9.889514446258544922e-01 4.993233829736709595e-02 1.911600865423679352e-02
9.860625863075256348e-02 4.659281671047210693e-02 7.143416441977024078e-03 7.069814801216125488e-01 -1.047550365328788757e-01 5.418974533677101135e-02
7.396635413169860840e-01 -7.719978094100952148e-01 -4.677398130297660828e-02 -7.802552729845046997e-02 -1.797328144311904907e-02 6.132072582840919495e-02
5.350823998451232910e-01 -6.929879784584045410e-01 4.306538030505180359e-02 -1.812759935855865479e-01 4.396157339215278625e-02 6.173876300454139709e-02
1.090858951210975647e-01 4.018720984458923340e-02 -1.424593925476074219e-01 1.640253901481628418e+00 -3.950611874461174011e-02 -5.786026269197463989e-02
-8.195565640926361084e-02 -8.752912981435656548e-04 -5.190536975860595703e-01 3.818065300583839417e-02 5.279411077499389648e-01 4.608453512191772461e-01
1.085840702056884766e+00 -7.621348500251770020e-01 -2.193139493465423584e-01 4.360257461667060852e-02 2.448229044675827026e-01 2.256671339273452759e-01
-7.327527552843093872e-02 1.019508540630340576e-01 7.475205659866333008e-01 3.909532353281974792e-02 -5.565999820828437805e-02 -3.715572133660316467e-02
3.189544659107923508e-03 4.177175089716911316e-02 -2.443370670080184937e-01 -2.508234977722167969e-02 1.917663067579269409e-01 8.039050102233886719e-01
-7.297182083129882812e-01 7.199223041534423828e-01 -7.771231979131698608e-02 3.131185099482536316e-02 1.264104526489973068e-02 -1.528489869087934494e-03
-7.250317931175231934e-02 -4.957530274987220764e-02 2.351479679346084595e-01 -1.000197529792785645e-01 1.032482266426086426e+00 5.815502405166625977e-01
1.286245584487915039e-01 4.064967036247253418e-01 2.727001346647739410e-02 -6.831768155097961426e-02 2.987034320831298828e-01 4.106740057468414307e-01
